	N	D	A
0	2342	-3.1392130311369573	-1.9705896
1	2342	-3.1320435436365925	-1.9709638
2	2342	-3.1254208443836626	3.1004646
3	2342	-3.124362262336629	2.9399145
4	2342	-3.1194542910276546	2.7060487
5	2342	-3.1108325339421037	3.067292
6	2342	-3.095251256043203	2.5307148
7	2342	-3.093825232293893	-2.7066514
8	2342	-3.0855446710747407	2.6984594
9	2342	-3.0770760146984713	-3.1324413
10	2342	-3.0740489949606724	2.2898276
11	2342	-3.0710219752228736	2.6251886
12	2342	-3.0655147239947107	2.1472857
13	2342	-3.061346010396268	2.6070983
14	2342	-3.0527548734525736	2.858002
15	2342	-3.050663955194383	2.9313009
16	2342	-3.043323869760819	2.2808926
17	2342	-3.032444970789857	2.3637292
18	2342	-3.0293217163205095	2.5285785
19	2342	-3.021364853743839	2.8831828
20	2342	-3.0155251552612357	3.064006
21	2342	-3.0103722228174106	2.4985883
22	2342	-3.0058754362705074	1.5027502
23	2342	-2.994126050409629	-2.582038
24	2342	-2.990622231320067	3.038193
25	2342	-2.9761870215877897	1.7490904
26	2342	-2.9725126045650283	2.7074802
27	2342	-2.961651202817984	2.6860664
28	2342	-2.9612268951379748	2.4924705
29	2342	-2.957036310009635	2.4471543
30	2342	-2.9337256334449964	2.7561915
31	2342	-2.927728459947132	-2.6729681
32	2342	-2.9188879875626066	-2.735111
33	2342	-2.9170114102974107	-2.9920962
34	2342	-2.9092382685718783	-3.0368276
35	2342	-2.8923053301253185	-3.1212687
36	2342	-2.8830799188145995	2.9713209
37	2342	-2.8784344058643936	-2.407197
38	2342	-2.8771964772722014	2.31941
39	2342	-2.8738501331979007	3.0705926
40	2342	-2.8633999162129276	-1.4276289
41	2342	-2.8612215118351476	2.2045534
42	2342	-2.8361829844086155	-1.7900767
43	2342	-2.8317299409215066	1.9736869
44	2342	-2.828549820474426	2.9984848
45	2342	-2.82215021082645	-3.1128097
46	2342	-2.816371752627559	2.2253902
47	2342	-2.8110482222505344	-0.8291242
48	2342	-2.804202433392651	2.2291062
49	2342	-2.7992288474939846	-2.8587408
50	2342	-2.792938595495495	-2.3390808
51	2342	-2.7899246986756348	-2.849807
52	2342	-2.783118278571567	-2.717564
53	2342	-2.778936442055186	-2.4340677
54	2342	-2.775725701466249	-2.396174
55	2342	-2.772401228921846	-2.886272
56	2342	-2.7651617525258096	2.9445202
57	2342	-2.756058821782516	2.6636765
58	2342	-2.751373940078495	-1.9946637
59	2342	-2.7503284809493995	2.667971
60	2342	-2.736037623314445	2.7419636
61	2342	-2.7349003037597805	1.9670966
62	2342	-2.734301023840592	2.44506
63	2342	-2.729498035875125	2.3214219
64	2342	-2.716751308250926	0.44496942
65	2342	-2.711130325067297	-2.2979891
66	2342	-2.709778664519638	2.6345127
67	2342	-2.7086763394128095	1.9390328
68	2342	-2.7017299415173985	-2.1931872
69	2342	-2.698860396794861	2.8477104
70	2342	-2.690816048098601	-2.8304708
71	2342	-2.685667489960755	2.345826
72	2342	-2.681866218064589	2.3629854
73	2342	-2.6678290701764436	-0.399472
74	2342	-2.664823921968542	-2.3639643
75	2342	-2.655948455136181	2.2258422
76	2342	-2.6523002839492964	0.018580914
77	2342	-2.6486389898444735	-2.821975
78	2342	-2.644872712396143	-2.982457
79	2342	-2.6344268697171493	-2.5377364
80	2342	-2.629265188661365	3.0921443
81	2342	-2.613771396882054	-3.085997
82	2342	-2.6045809800191706	1.5934451
83	2342	-2.5995111593889555	-2.2158916
84	2342	-2.5925691357995237	2.792515
85	2342	-2.5893540209046075	-2.5462303
86	2342	-2.5742757881933467	-0.7167332
87	2342	-2.569144727279419	-1.3515797
88	2342	-2.5631650510054724	-1.7042109
89	2342	-2.5588257394738303	-2.4674115
90	2342	-2.5544164390465163	-1.9998378
91	2342	-2.544622367958465	-1.9831648
92	2342	-2.536980455412317	2.5999172
93	2342	-2.531530070161887	-2.1585898
94	2342	-2.5243343368256457	-1.708545
95	2342	-2.5163512284130984	-2.2029312
96	2342	-2.5129567669730233	-1.9262735
97	2342	-2.5076813539617726	-1.5393543
98	2342	-2.503482020221474	-2.7390215
99	2342	-2.5014829623888524	3.0488207
100	2342	-2.49781729397805	1.3794205
101	2342	-2.4929530657288703	-2.703885
102	2342	-2.4888280951902226	3.0700147
103	2342	-2.4848824711967334	-2.0924077
104	2342	-2.479865142238272	-2.2790413
105	2342	-2.474493494495473	-2.3899736
106	2342	-2.4670659229423193	-1.310957
107	2342	-2.4628359690601638	-1.9125272
108	2342	-2.4555221294624765	0.21247387
109	2342	-2.4513665387819725	-2.9279566
110	2342	-2.4450981583133804	-2.9268632
111	2342	-2.4420798871875404	-2.8723118
112	2342	-2.432788861287129	-2.0772095
113	2342	-2.4197927982221	-0.08861327
114	2342	-2.4128157801848324	-1.7001776
115	2342	-2.392680849761295	-2.8553143
116	2342	-2.3452764958616914	-0.917351
117	2342	-2.3403641502467374	-3.0149987
118	2342	-2.3352943296165227	-0.124473095
119	2342	-2.330018916605272	-1.0854652
120	2342	-2.3246997605342266	-2.0677032
121	2342	-2.3222632721036573	-2.4947429
122	2342	-2.3181470501769685	-1.393788
123	2342	-2.312289854470447	-1.5972443
124	2342	-2.3038649411539724	-2.6565645
125	2342	-2.3019971125007355	2.8673604
126	2342	-2.292666717846509	3.133485
127	2342	-2.2865295665573013	-1.8386893
128	2342	-2.282793909250827	-2.0600038
129	2342	-2.2794956825423003	-1.8851892
130	2342	-2.275248231436227	-1.9622577
131	2342	-2.271862518608111	-1.7712774
132	2342	-2.266403384745723	-1.99197
133	2342	-2.2640762539646406	-2.2284365
134	2342	-2.257904108227597	-1.9611216
135	2342	-2.2504809109804227	-1.744833
136	2342	-2.2190383995999343	-1.2816067
137	2342	-2.212691281623712	-0.79386234
138	2342	-2.2081682492409316	-2.3693907
139	2342	-2.2026697466247276	-2.6259131
140	2342	-2.1981073454881317	0.1836915
141	2342	-2.1927575692752304	-2.0690985
142	2342	-2.1857236852602293	2.973264
143	2342	-2.182079888379324	2.5669386
144	2342	-2.1746129480723555	-2.8650367
145	2342	-2.1644689325059456	-1.868033
146	2342	-2.1619055892019716	0.955034
147	2342	-2.153318826564256	1.795347
148	2342	-2.1469454627521567	2.193075
149	2342	-2.1401084225062323	-1.9714017
150	2342	-2.127011750403675	-2.6959794
151	2342	-2.1233198361569956	2.2970088
152	2342	-2.1193392177156705	2.0123847
153	2342	-2.1063519032626004	-1.9341171
154	2342	-2.1000485283461723	0.8460884
155	2342	-2.0948868472903888	-1.2198666
156	2342	-2.086956230549595	-1.8012142
157	2342	-2.073496491050741	-2.2737305
158	2342	-2.0699270573714865	-0.7787659
159	2342	-2.0690128274217754	-2.0421724
160	2342	-2.0648091193754974	0.9696753
161	2342	-2.0599536397382767	2.3730233
162	2342	-2.0543807739204216	-0.56123567
163	2342	-2.0488254053264843	-1.1315515
164	2342	-2.044831663967221	-1.1725901
165	2342	-2.0400155530838155	-1.9178928
166	2342	-2.035225688036287	-0.6146221
167	2342	-2.027246953929719	-0.8883393
168	2342	-2.026227740636501	0.9388592
169	2342	-2.015309472911724	-2.9333558
170	2342	-2.008533672949512	-1.8806788
171	2342	-2.0043124676793163	-0.36250067
172	2342	-2.001740375763383	-2.1130753
173	2342	-1.9918019525780088	-1.5900087
174	2342	-1.9870295847543982	-1.1759404
175	2342	-1.9762644177389026	-1.1976305
176	2342	-1.9604469273171101	-0.5411737
177	2342	-1.9504253923181258	-1.3413577
178	2342	-1.928300152673926	-1.3098292
179	2342	-1.915479061848076	-1.1576996
180	2342	-1.9064898630602483	-2.2494917
181	2342	-1.9039833857340074	-1.0402961
182	2342	-1.8917265803795098	-0.8672383
183	2342	-1.8901430816149387	-2.383129
184	2342	-1.8711148506042095	3.0259283
185	2342	-1.865528861868416	-1.3648943
186	2342	-1.8601615884315965	-0.8699696
187	2342	-1.8532895537378362	2.6475832
188	2342	-1.8501881707983863	3.0601113
189	2342	-1.8456082724378728	-2.9462452
190	2342	-1.8363259951494204	-2.3076105
191	2342	-1.8300051230090746	-2.1219907
192	2342	-1.8269037400696249	-1.8088408
193	2342	-1.8223238417091112	-1.7590389
194	2342	-1.8147956611184295	-1.7115262
195	2342	-1.8066419547726824	-0.91673565
196	2342	-1.802613218965583	-1.3016691
197	2342	-1.7949275633596402	-1.7937946
198	2342	-1.7892890829520929	-0.029539585
199	2342	-1.7826707580051429	-2.5634885
200	2342	-1.7820189864142004	-2.5568008
201	2342	-1.7784889214887616	2.5805032
202	2342	-1.766980122456755	-2.030303
203	2342	-1.761884055990663	-1.8056389
204	2342	-1.7599943558075284	-2.072527
205	2342	-1.7560749776499163	-2.0865662
206	2342	-1.7506945812951582	-0.8030336
207	2342	-1.7490323450229566	0.245579
208	2342	-1.7383546641270506	-2.5159159
209	2342	-1.7373310765278527	-1.2410426
210	2342	-1.7315657412469008	-2.3327632
211	2342	-1.7243000190149878	-0.9296503
212	2342	-1.7202144172301552	-1.4003462
213	2342	-1.7151270993760224	-1.4427775
214	2342	-1.7081675785626724	-1.6251768
215	2342	-1.7069821416422342	-1.1466683
216	2342	-1.7039769934343325	-0.94009995
217	2342	-1.69687749482964	-0.28684092
218	2342	-1.6957926669467291	-0.58622885
219	2342	-1.694143553592466	-2.002575
220	2342	-1.680893780780627	-1.6637826
221	2342	-1.6778973811846845	-1.7259626
222	2342	-1.6719658222765124	-1.333454
223	2342	-1.652417048854225	-0.77789927
224	2342	-1.650632332014598	-1.3291146
225	2342	-1.6492587999370418	-0.034621477
226	2342	-1.6463105177068735	-1.4733773
227	2342	-1.644880119651584	-0.9047816
228	2342	-1.6367657820596524	-0.25947428
229	2342	-1.6337081421799973	-1.0186524
230	2342	-1.6300774682170307	-1.1422783
231	2342	-1.6268098616503606	-0.71657777
232	2342	-1.6230435842020297	-1.428562
233	2342	-1.6185949150209005	-1.5026234
234	2342	-1.6155285265292865	-0.5302477
235	2342	-1.6099775322413288	-2.0463443
236	2342	-1.6077378875798363	-2.5438685
237	2342	-1.6055026172243227	-2.156385
238	2342	-1.6032673468688095	-1.8704996
239	2342	-1.6010320765132962	-2.4229312
240	2342	-1.596172222570096	-1.4357581
241	2342	-1.593866963318911	-1.489898
242	2342	-1.5875767113204218	-0.78503036
243	2342	-1.5808227828881078	2.9892938
244	2342	-1.5782681881960925	-0.95263076
245	2342	-1.5732858536854668	0.5995467
246	2342	-1.5686403407352614	-0.19864774
247	2342	-1.5647690799434233	-0.99860406
248	2342	-1.5498920653072186	-1.1979873
249	2342	-1.5373946731238495	-1.4126551
250	2342	-1.532674796971993	-2.270762
251	2342	-1.5241973919837644	-2.1961155
252	2342	-1.5235849891466373	0.1369021
253	2342	-1.512535492242476	-1.0868292
254	2342	-1.4987957971609354	0.7680557
255	2342	-1.4932316799550394	-2.7777498
256	2342	-1.4919106395492368	-2.0284953
257	2342	-1.487383232860477	-1.2497301
258	2342	-1.485926588969311	-2.4072618
259	2342	-1.4824708872455234	-1.0570898
260	2342	-1.4784377771324444	-1.3727854
261	2342	-1.4725893300378823	-0.7769766
262	2342	-1.4618110401044484	1.9591758
263	2342	-1.44998291673594	-1.6900097
264	2342	-1.4490555638682905	-1.097223
265	2342	-1.446754678923085	-1.3249764
266	2342	-1.4403725664990266	-1.2095176
267	2342	-1.4321444969516284	-0.1837771
268	2342	-1.4307972107099491	-0.6612096
269	2342	-1.4266853630892395	-1.1583906
270	2342	-1.4219829841613008	-1.6289464
271	2342	-1.4148922341685668	-0.88081217
272	2342	-1.405539967984443	-1.0099204
273	2342	-1.4002470577492743	-1.5484912
274	2342	-1.389289421270682	-2.3188086
275	2342	-1.3882352135296276	-2.169837
276	2342	-1.386096177905663	-2.2956963
277	2342	-1.3850419701646088	-1.229985
278	2342	-1.3841671089687129	-1.3245252
279	2342	-1.3809388711558583	-1.5942323
280	2342	-1.3772557055211379	-1.0815985
281	2342	-1.367942808090829	-1.0290489
282	2342	-1.3655850571678905	-1.1459081
283	2342	-1.3567664563132624	-2.7320812
284	2342	-1.346832407433868	-1.4383638
285	2342	-1.3387924330435872	-2.2830281
286	2342	-1.3261375658449572	-1.749292
287	2342	-1.3217545112535203	-1.3528852
288	2342	-1.317769518506216	-1.5733312
289	2342	-1.316829042720628	-1.0809765
290	2342	-1.310818746304825	3.048671
291	2342	-1.3097514156458325	-0.015579939
292	2342	-1.308364760650338	-0.09626913
293	2342	-1.3059370208317278	-0.16029787
294	2342	-1.2887853670861944	0.5167165
295	2342	-1.2832168755743185	0.39760876
296	2342	-1.2802554704262121	-0.032848835
297	2342	-1.2757499352673496	-1.6417388
298	2342	-1.2718961716994295	1.0976207
299	2342	-1.2632875375318167	-0.035605192
300	2342	-1.260728568533822	-0.033543587
301	2342	-1.258576409991919	-1.7121
302	2342	-1.2488479534935597	-0.46539736
303	2342	-1.2403924200352288	-0.8603778
304	2342	-1.2369804613712356	-0.5524154
305	2342	-1.2345745930825227	-1.4775873
306	2342	-1.2323305741150508	-0.5635743
307	2342	-1.2298022252589123	-0.37405157
308	2342	-1.2240893816497138	-0.32130432
309	2342	-1.2175672914343123	-0.35372448
310	2342	-1.1945846878181345	2.237734
311	2342	-1.1908052874518655	-1.7413845
312	2342	-1.1445076329650699	-0.26224256
313	2342	-1.1403651652025042	-0.6420984
314	2342	-1.1335893652402924	-0.3155849
315	2342	-1.1266167215090044	-0.048547745
316	2342	-1.1235590816293493	-0.19351673
317	2342	-1.1100381018467829	-1.5627246
318	2342	-1.095620389338423	2.5374124
319	2342	-1.0918541118900924	1.1552556
320	2342	-1.087676649679691	-0.77815604
321	2342	-1.0840416014107448	-0.8426864
322	2342	-1.07980727322261	-0.030894518
323	2342	-1.0762990798270686	0.08876133
324	2342	-1.0705031244042602	-0.3932433
325	2342	-1.0690071117592788	-0.3283291
326	2342	-1.0652277113930095	0.4895792
327	2342	-1.0647071689814518	-0.838485
328	2342	-1.052502855298708	0.24630594
329	2342	-1.0459545192474295	0.136837
330	2342	-1.0334133840042656	0.40851212
331	2342	-1.0290084578829317	-1.9986508
332	2342	-1.0288422342557113	-0.18679643
333	2342	-1.0257321027043025	-0.8878138
334	2342	-1.0205266785887233	-1.2195117
335	2342	-1.0137290070966145	-2.3779988
336	2342	-1.009800880327043	-1.6481463
337	2342	-1.0035193769405129	-2.2503462
338	2342	-0.99901821608763	-1.5935937
339	2342	-0.9959736991259129	-0.32349205
340	2342	-0.9908382639060056	1.0403931
341	2342	-0.9844605257879269	-0.11090088
342	2342	-0.9838087541969847	1.0521901
343	2342	-0.9821246463948858	0.14109802
344	2342	-0.9758431430083552	-0.35012388
345	2342	-0.9709657918412371	0.09639001
346	2342	-0.9658041107854531	-1.4095032
347	2342	-0.9460453706761509	-1.0762408
348	2342	-0.9360063384532484	-0.82810736
349	2342	-0.9294842482378471	-0.938498
350	2342	-0.9222010287820162	-0.8325548
351	2342	-0.9187453270582284	1.5050724
352	2342	-0.9172668116371647	-0.7209687
353	2342	-0.9162213525080696	-0.6135416
354	2342	-0.9136273890622388	-0.3989911
355	2342	-0.905810504276912	0.2949283
356	2342	-0.9043932291395604	-0.12523913
357	2342	-0.9008894100499987	-0.7484944
358	2342	-0.8721983371306021	-0.32228613
359	2342	-0.8663411414240811	-0.60607076
360	2342	-0.8635197140673179	-0.37044454
361	2342	-0.8611444659204612	-0.6124358
362	2342	-0.857089484277485	-0.42523646
363	2342	-0.8535025533743132	-0.36434078
364	2342	-0.8507861093610574	-0.80706763
365	2342	-0.8476453576677918	-1.1270223
366	2342	-0.8465517811729226	-0.6014836
367	2342	-0.8416306869460097	-0.22383761
368	2342	-0.8328645777631358	-0.25178385
369	2342	-0.8287527301424267	-0.16854692
370	2342	-0.8263599847716518	-0.116998196
371	2342	-0.82201629893403	-0.36080313
372	2342	-0.8195098216077894	-0.05903411
373	2342	-0.8157391698534795	-0.2722032
374	2342	-0.8120603785247384	0.0700686
375	2342	-0.810083192222014	0.21304893
376	2342	-0.807257390559271	0.23925447
377	2342	-0.8007003058960338	0.14225912
378	2342	-0.7958229547289157	-0.23600674
379	2342	-0.7916061237646987	0.78485346
380	2342	-0.7891040207444373	-0.51447487
381	2342	-0.773811447040182	0.17730045
382	2342	-0.7671362561154984	0.0043549538
383	2342	-0.7619308319999196	0.27995777
384	2342	-0.7607016520196863	0.40094805
385	2342	-0.7585276219478856	0.30582857
386	2342	-0.755986150173809	-0.06497979
387	2342	-0.7502995524004876	-0.016844273
388	2342	-0.7468176048408233	0.63102555
389	2342	-0.7366604663564753	-0.41590095
390	2342	-0.7320237020182283	0.027763844
391	2342	-0.7270019987537877	-0.62754726
392	2342	-0.7235856657838151	-1.3078165
393	2342	-0.722002167019244	-0.1250627
394	2342	-0.7181965208170982	-0.7989819
395	2342	-0.7175622464500737	-0.07973671
396	2342	-0.7080612538626476	-1.0579889
397	2342	-0.69999503363649	-0.6168766
398	2342	-0.6769861841844356	0.0467844
399	2342	-0.6765312563625696	0.30022454
400	2342	-0.6726337497348549	0.3131976
401	2342	-0.6639638752835291	0.56884384
402	2342	-0.6632727349387717	1.7320406
403	2342	-0.6611730680686225	2.2741172
404	2342	-0.6587409539440325	2.1539457
405	2342	-0.6542747875389856	2.118613
406	2342	-0.6414099536533406	1.3933947
407	2342	-0.6353340426478455	0.79817533
408	2342	-0.6282039239012964	0.34881854
409	2342	-0.6199933515778162	0.6069033
410	2342	-0.6172331645047651	0.3522582
411	2342	-0.6111397562753522	0.84876704
412	2342	-0.6093375422118075	1.0336182
413	2342	-0.6060743099511168	1.2094042
414	2342	-0.6034278548335328	1.1633604
415	2342	-0.6004358295435699	0.7427201
416	2342	-0.5995653426536536	0.33589745
417	2342	-0.598712352987655	0.6128514
418	2342	-0.5955234839286159	0.16584373
419	2342	-0.5927676711615448	0.14812851
420	2342	-0.5885508401973278	0.18559575
421	2342	-0.5861755920504712	0.30974674
422	2342	-0.5838003439036146	-0.17765164
423	2342	-0.5802002900825043	0.24957418
424	2342	-0.5639497433687435	0.44429994
425	2342	-0.5476204591473515	0.14748478
426	2342	-0.5460807034425752	0.07255292
427	2342	-0.5440860199159334	0.17997599
428	2342	-0.5413870731265953	0.09477639
429	2342	-0.5313349179857552	0.5059359
430	2342	-0.5197823758939535	1.4411361
431	2342	-0.5190343695714628	0.8395624
432	2342	-0.512678502983281	1.5223653
433	2342	-0.508137973376583	2.9524267
434	2342	-0.500041133008569	-0.041280508
435	2342	-0.4943545352352472	1.0989411
436	2342	-0.48855420550645956	2.4519594
437	2342	-0.4821633444704423	0.041535854
438	2342	-0.47949501782296045	0.47620106
439	2342	-0.4792019393223357	0.5723114
440	2342	-0.47650299253299755	-0.058260202
441	2342	-0.47260986021126206	-0.20409107
442	2342	-0.4682486771497225	-0.8309467
443	2342	-0.45420715495559794	-0.14793801
444	2342	-0.4343521801147472	-0.66784
445	2342	-0.41867904179027704	0.90048766
446	2342	-0.40517993353760806	0.6582005
447	2342	-0.4001057386014133	0.9223521
448	2342	-0.39713995914732747	0.7982614
449	2342	-0.3954952200990438	0.7402141
450	2342	-0.3942879116487079	0.82607484
451	2342	-0.3906353661558435	1.8295262
452	2342	-0.38786205616485425	1.4567621
453	2342	-0.38497063991241953	1.9122627
454	2342	-0.37994456234199925	0.44958806
455	2342	-0.3714409115178938	0.68280053
456	2342	-0.3654131178781732	0.69843817
457	2342	-0.36054014101703435	1.3230121
458	2342	-0.35893039641658664	-2.1990504
459	2342	-0.3502955164130972	1.2420642
460	2342	-0.3494906441128731	0.8648956
461	2342	-0.34661672508435615	1.0035422
462	2342	-0.34437270611688353	0.71193147
463	2342	-0.3422336704929192	0.7317281
464	2342	-0.33314386266756335	0.24734259
465	2342	-0.329745026921509	0.80498695
466	2342	-0.32405405484220795	1.5128314
467	2342	-0.32331917143765576	0.61279917
468	2342	-0.31899298282395216	1.1846988
469	2342	-0.31276834541515486	0.7811873
470	2342	-0.30872211238413794	0.7967391
471	2342	-0.3043653036285776	1.1461823
472	2342	-0.29888429823629137	0.728533
473	2342	-0.2913823634814867	0.018107891
474	2342	-0.2895145348282493	0.23592019
475	2342	-0.28678059359107566	-0.036364317
476	2342	-0.2805996992420732	1.828563
477	2342	-0.27731022114550585	0.7648394
478	2342	-0.27412135208646626	0.922189
479	2342	-0.2710943323486674	-0.10259223
480	2342	-0.26809355844674565	-0.3517828
481	2342	-0.2674855299155978	0.23856854
482	2342	-0.2642004261250097	0.24614453
483	2342	-0.25645790454133355	-0.13991427
484	2342	-0.25316405213878657	0.72962165
485	2342	-0.25019827268470074	1.3915474
486	2342	-0.2475693147910345	0.5586755
487	2342	-0.2463926264825549	0.3905139
488	2342	-0.24247324832494277	1.4649923
489	2342	-0.23744717075452249	1.6677401
490	2342	-0.2343632850389903	0.6209326
491	2342	-0.23210614315357958	1.2775314
492	2342	-0.22631893634273004	1.6939862
493	2342	-0.22185714424366232	1.6754591
494	2342	-0.21623616106003318	0.31964564
495	2342	-0.21442957269050877	0.5336826
496	2342	-0.20546661973855818	1.5045855
497	2342	-0.20103107347536708	0.69534945
498	2342	-0.19650366678660758	0.68506575
499	2342	-0.1921074892772321	0.374938
500	2342	-0.18903235217365966	0.29273129
501	2342	-0.1849380017768678	0.70272255
502	2342	-0.18201596538257636	0.5407877
503	2342	-0.17814470459073828	0.74442077
504	2342	-0.1719638102417358	1.1256707
505	2342	-0.16375323791825558	1.1990378
506	2342	-0.14397262627905594	0.7524123
507	2342	-0.13071847916123724	2.14409
508	2342	-0.1126482211600135	0.026794434
509	2342	-0.10900442427910795	0.1216135
510	2342	-0.10578056077223286	-0.0048577785
511	2342	-0.10524689544273658	0.33405113
512	2342	-0.09879041981702708	0.75338435
513	2342	-0.09775808360587002	0.6687422
514	2342	-0.09067608222509538	1.3613522
515	2342	-0.08915819805021652	1.2723458
516	2342	-0.08517320530291173	1.2511742
517	2342	-0.08036146872548589	1.1137712
518	2342	-0.07544474880455265	1.2886741
519	2342	-0.0675272549816972	1.3208511
520	2342	-0.0656856721643373	1.3348272
521	2342	-0.05656086989114595	1.0191562
522	2342	-0.04888833720314123	0.98898816
523	2342	-0.04401098603602316	0.54981756
524	2342	-0.0403671891551185	0.44037247
525	2342	-0.03598850886966121	0.9767492
526	2342	-0.030520626395313055	-0.45918775
527	2342	-0.0261025773560406	1.3653305
528	2342	-0.02357860280588131	2.8811095
529	2342	-0.02148768454769101	1.0630972
530	2342	-0.017318970949248502	0.87419343
531	2342	-0.011991066266244577	0.2477026
532	2342	-0.005989518462400589	0.19901252
533	2342	-0.000989686727856931	1.5596068
534	2342	-0.000495390152176256	1.7930067
535	2342	0.003612083162553681	1.8842766
536	2342	0.006529745250865471	1.2691324
537	2342	0.011708923530567628	1.2089808
538	2342	0.014994027321155734	2.0339496
539	2342	0.026428463151511483	0.9936197
540	2342	0.02919739883652106	1.157512
541	2342	0.03966073873943232	1.178756
542	2342	0.04123986319802464	1.3293989
543	2342	0.05714483973940654	-0.41366243
544	2342	0.0595463337221398	1.5307162
545	2342	0.06267833680344603	0.8911369
546	2342	0.06514981968185118	0.012996435
547	2342	0.06629151354249485	1.6260307
548	2342	0.06961598608689856	1.3690097
549	2342	0.07458519767958505	1.1593044
550	2342	0.0799087280566102	1.1654265
551	2342	0.08549034248642418	-0.46168137
552	2342	0.08604587934581787	-0.37306356
553	2342	0.0882767753953515	0.7934463
554	2342	0.09060828048241332	0.83864474
555	2342	0.09226614244863551	0.70483804
556	2342	0.09753280684792687	0.45631552
557	2342	0.09954498759848729	1.2160103
558	2342	0.1025457615004095	1.0533812
559	2342	0.1071256598609227	1.0338666
560	2342	0.10805738703455114	1.0426195
561	2342	0.11517875716914139	1.4081781
562	2342	0.12499032548111089	0.690943
563	2342	0.12598329293845234	1.2559388
564	2342	0.13048445379133566	1.2712834
565	2342	0.13460942432998335	1.2329185
566	2342	0.1371027787382859	0.5407522
567	2342	0.14427226623864975	1.0831153
568	2342	0.15219850867346407	1.9241059
569	2342	0.1548843325448641	2.2197983
570	2342	0.1575439105803862	0.8450327
571	2342	0.15845814053009777	1.7196057
572	2342	0.16484025295415616	1.0907848
573	2342	0.167578568497309	1.4578097
574	2342	0.17078056047428714	1.7811253
575	2342	0.17410940732467006	1.6377428
576	2342	0.1781600146616662	1.8419955
577	2342	0.18807219201116387	1.6975768
578	2342	0.19420496899439232	1.043452
579	2342	0.20107700368815218	1.6499069
580	2342	0.205324454794225	1.3783281
581	2342	0.21455424041092375	1.337312
582	2342	0.21755501431284596	1.2491677
583	2342	0.21951470339165224	0.58546185
584	2342	0.22293541066760358	1.3981245
585	2342	0.22671481103387325	1.8398626
586	2342	0.2302667474892095	2.7181737
587	2342	0.23211707891852829	1.970289
588	2342	0.2350478639247786	-3.0778897
589	2342	0.23658324532357522	0.616549
590	2342	0.23910721987373407	1.5446303
591	2342	0.24414204605611323	1.8979137
592	2342	0.2470903282862813	0.19485855
593	2342	0.24837637424424797	1.2967355
594	2342	0.2514121425940057	1.6102021
595	2342	0.2578773668316745	1.5902226
596	2342	0.2675489573523002	1.5113599
597	2342	0.27583826718341165	1.4712222
598	2342	0.28460000206030633	2.247235
599	2342	0.28884307886039995	1.9837868
600	2342	0.2965156115484042	0.89276004
601	2342	0.3026790086734885	1.3219888
602	2342	0.3117906880287413	1.0692523
603	2342	0.3195550811423149	1.6222961
604	2342	0.3232338724710564	1.5341494
605	2342	0.3271095075688737	1.6274283
606	2342	0.33061332665843546	1.3250597
607	2342	0.3321924511170269	1.6416843
608	2342	0.3419165333094072	1.6911852
609	2342	0.34926099304895075	-1.1464598
610	2342	0.35345157817729067	-0.76547503
611	2342	0.3576202917757332	-2.2172902
612	2342	0.3614696810376734	-0.50037646
613	2342	0.3687266546576278	1.5090606
614	2342	0.3728428765843166	1.4899538
615	2342	0.37566430394107986	-3.0942779
616	2342	0.3761892206586177	1.7740395
617	2342	0.3807035044294387	2.1231897
618	2342	0.3839623623841497	2.189325
619	2342	0.3950687252660443	1.8131325
620	2342	0.3972908727036195	2.017101
621	2342	0.40069845706163276	2.1023686
622	2342	0.4062363284316519	1.9249151
623	2342	0.40762735773312553	1.8224685
624	2342	0.4157898126908317	1.8535254
625	2342	0.41641971275187695	1.4804165
626	2342	0.421800109106635	0.6686294
627	2342	0.4265024880345738	-2.2774537
628	2342	0.42971760292949	1.4363663
629	2342	0.4340306686252555	2.0419133
630	2342	0.44528575791045233	2.3898122
631	2342	0.44647994344285014	1.2198012
632	2342	0.453124514225677	1.9424684
633	2342	0.4575556861828889	1.9625185
634	2342	0.4603858621516106	1.7777665
635	2342	0.4625948866712468	1.8630159
636	2342	0.4713128784883467	1.9358842
637	2342	0.4866579438643557	1.9327743
638	2342	0.4907610428731064	1.8419907
639	2342	0.4944660800377241	1.8875086
640	2342	0.49662261288560705	1.937607
641	2342	0.503210317690701	2.4796484
642	2342	0.511149683043453	1.8985388
643	2342	0.5151215528728192	2.0248897
644	2342	0.5199551609801429	1.8146985
645	2342	0.5265953574569906	1.9914777
646	2342	0.5341716554134464	1.1112802
647	2342	0.5372424182110396	1.8028243
648	2342	0.5428021611109566	1.4914377
649	2342	0.5474651712850802	1.6497791
650	2342	0.5524912488555005	1.6396253
651	2342	0.558230338300576	1.8142111
652	2342	0.561572308068897	2.0668452
653	2342	0.5687767900170972	2.132952
654	2342	0.5759681490473589	1.3733842
655	2342	0.5782646596865852	1.8027122
656	2342	0.579791292473423	1.648299
657	2342	0.5831770053015388	2.154168
658	2342	0.5936490938164094	2.0886042
659	2342	0.5960768336350197	0.58891225
660	2342	0.607607504196924	2.1226723
661	2342	0.6131147554250869	2.3804224
662	2342	0.6165835800668131	1.2969306
663	2342	0.6298027327367954	-0.18208575
664	2342	0.6439492382744274	1.1114571
665	2342	0.647496800423784	0.88137794
666	2342	0.6520592015603794	1.2175744
667	2342	0.6560573172256228	2.2630866
668	2342	0.657570827094522	1.2468832
669	2342	0.6604447461230394	1.2744019
670	2342	0.662089485171323	0.75508976
671	2342	0.6633536595993919	0.1916287
672	2342	0.6648452979383941	1.5341103
673	2342	0.6667524953454467	0.45826077
674	2342	0.6677367141908293	0.92519975
675	2342	0.6732964570907463	-0.08221769
676	2342	0.6761353816714268	1.7000725
677	2342	0.6803740841655412	1.6793478
678	2342	0.6838691546431441	1.6729405
679	2342	0.6882828293764378	2.2998335
680	2342	0.6889127294374822	1.9259279
681	2342	0.691161122710934	1.9026077
682	2342	0.6936063597534621	1.3599827
683	2342	0.7006927354402168	2.0292604
684	2342	0.702350597406439	0.00583601
685	2342	0.7047389684712342	1.6561291
686	2342	0.7091920119583426	1.8552563
687	2342	0.7123108921217103	1.1898606
688	2342	0.721864376380891	1.8358414
689	2342	0.7254338100601441	2.0318239
690	2342	0.7287232881567123	1.9044626
691	2342	0.7308010834969645	1.5187776
692	2342	0.7323058447539048	1.7619021
693	2342	0.733150085807944	2.904816
694	2342	0.7342699081386903	1.2346895
695	2342	0.7355122110368622	1.123184
696	2342	0.7361246138739888	1.8928354
697	2342	0.7370213465997821	1.2826879
698	2342	0.7401883441289243	1.5198853
699	2342	0.7534993572244755	1.3487651
700	2342	0.7559883373267988	1.477031
701	2342	0.7568325783808381	1.1873753
702	2342	0.7622654664073498	2.4822218
703	2342	0.7662898279084693	1.3296115
704	2342	0.7739754835144126	0.8732183
705	2342	0.7784985158971929	0.9317033
706	2342	0.7840888789389657	2.3832505
707	2342	0.7855236513002346	1.8001077
708	2342	0.789281180136606	1.833842
709	2342	0.7954620744856085	2.066405
710	2342	0.8008862139001618	2.0716474
711	2342	0.8035764120775402	1.9387047
712	2342	0.8141009922641644	2.4576662
713	2342	0.8187115107665344	2.4129837
714	2342	0.8243106224202661	2.2284062
715	2342	0.8280768998685968	2.441501
716	2342	0.8318125571750712	2.5884774
717	2342	0.8379497084642789	2.3558657
718	2342	0.842529606824792	1.5519059
719	2342	0.8461427835638413	1.8899381
720	2342	0.8480412323589346	2.1506283
721	2342	0.8515931688142708	2.1046846
722	2342	0.8568992019673778	2.1668794
723	2342	0.8575903423121352	2.158768
724	2342	0.8583252257166878	2.4165933
725	2342	0.8646854666108483	2.609689
726	2342	0.8700746115775662	2.8902514
727	2342	0.8710938248707842	2.6650178
728	2342	0.878442658916307	1.7627141
729	2342	0.8788844638202349	0.8681314
730	2342	0.8852097102665599	2.0198905
731	2342	0.8865963652620543	1.4531157
732	2342	0.8876855674509443	1.8659256
733	2342	0.8912418782122602	1.7686927
734	2342	0.8970990739187812	2.39554
735	2342	0.9053490149960766	0.44394565
736	2342	0.9111887134786798	0.4141419
737	2342	0.918117614150173	2.0832427
738	2342	0.9207640692677579	2.5958064
739	2342	0.9219495061881959	2.580222
740	2342	0.9240447987523659	2.5794585
741	2342	0.9305975091096235	2.8349054
742	2342	0.9320585273067703	2.4631207
743	2342	0.9339307302659865	2.6611903
744	2342	0.9444203160047744	2.6676238
745	2342	0.9466687092782262	1.7204111
746	2342	0.9469486648609129	2.0364354
747	2342	0.9513623395942057	1.7715666
748	2342	0.9545949517130401	2.1533668
749	2342	0.9608720807935915	2.7562325
750	2342	0.9665543042609333	1.70561
751	2342	0.9853506970547503	3.112334
752	2342	0.990577992700227	2.6505282
753	2342	0.9921133740990236	1.9415243
754	2342	0.999357224801039	1.7263253
755	2342	1.0018943222691368	2.4063766
756	2342	1.0042564474980544	2.081834
757	2342	1.007471562392971	2.4611628
758	2342	1.0226810242836164	2.7566798
759	2342	1.0393864988192432	2.2772048
760	2342	1.0447712694799804	1.8581846
761	2342	1.052977467497482	2.5353901
762	2342	1.056809359535504	2.2818496
763	2342	1.0573080304171647	2.2553566
764	2342	1.0610480620296183	2.9033854
765	2342	1.069871037190226	1.8163416
766	2342	1.0935360325392018	2.6992548
767	2342	1.0983565177285861	2.0813339
768	2342	1.1019696944676358	2.3613608
769	2342	1.1058015865056587	1.853226
770	2342	1.1070920067696042	2.5042908
771	2342	1.1112607203680467	2.4983637
772	2342	1.119633142012768	1.9129317
773	2342	1.1236837493497651	1.8855274
774	2342	1.1284386199494572	-3.0293689
775	2342	1.1331278759594579	2.9476292
776	2342	1.137327209699757	1.6240356
777	2342	1.17442569871171	1.9304807
778	2342	1.1757161189756555	1.6402471
779	2342	1.1790668373559363	2.9750144
780	2342	1.1872599124554988	2.701104
781	2342	1.200706529036414	2.3586977
782	2342	1.2024037597564519	2.6840904
783	2342	1.2054526510241477	2.170336
784	2342	1.2062662719363306	2.3289187
785	2342	1.2078585193128601	2.3588116
786	2342	1.2107105668114801	2.8270266
787	2342	1.2142362574309402	2.7588656
788	2342	1.2180637751629826	3.127259
789	2342	1.2241659320043548	-3.0222826
790	2342	1.2334482092928072	2.6628573
791	2342	1.2424155365507374	2.0531108
792	2342	1.243911549195718	2.4336655
793	2342	1.2513916124206261	2.0289757
794	2342	1.255555951713089	1.4365418
795	2342	1.2634821941479037	2.519942
796	2342	1.2685257689422418	2.4632165
797	2342	1.2704198434313554	2.4846027
798	2342	1.2768282016912904	2.5588996
799	2342	1.2779655212459549	2.8699577
800	2342	1.2861192275917022	2.607487
801	2342	1.2905897683027288	2.7809098
802	2342	1.3008300186006876	2.5788186
803	2342	1.3073783546519655	2.675999
804	2342	1.319525802356976	1.7162521
805	2342	1.325146785540606	2.799979
806	2342	1.326017272430522	1.9948771
807	2342	1.3268527648726014	2.5220091
808	2342	1.3353651643086657	-2.731492
809	2342	1.3498134969588822	1.1124456
810	2342	1.3510339283271566	-1.5592041
811	2342	1.3523155999791436	2.855551
812	2342	1.3607405132956183	-1.1286561
813	2342	1.3628270572478298	-2.7885408
814	2342	1.3690167002087907	2.852389
815	2342	1.3697384606954044	2.3958905
816	2342	1.3764792662097811	2.7237394
817	2342	1.3772753898980454	2.6742013
818	2342	1.3831719543583816	3.106829
819	2342	1.3904333022843156	3.0299637
820	2342	1.39391524984398	2.911101
821	2342	1.3999911608494742	1.42889
822	2342	1.405323439838459	0.7953975
823	2342	1.4101001819680485	2.2522814
824	2342	1.4174577646255306	2.4558928
825	2342	1.4227331776367809	2.8544395
826	2342	1.4234024464516413	0.45473766
827	2342	1.4426318955374269	1.9500687
828	2342	1.4455276860958417	2.679126
829	2342	1.4482616273330153	-3.0477421
830	2342	1.4537951243970548	2.5714471
831	2342	1.4557679363937996	2.946173
832	2342	1.4645515428005913	-1.9986541
833	2342	1.4672373666719913	-1.5921326
834	2342	1.4758897438993985	-1.6491718
835	2342	1.4807014804768244	-2.0570478
836	2342	1.4845902384925802	-2.3594677
837	2342	1.4918734579484116	3.1321514
838	2342	1.492752693450286	-1.8656573
839	2342	1.494804242954662	2.5314295
840	2342	1.499738460099513	0.8063717
841	2342	1.5028179715090655	1.6570323
842	2342	1.5039771625936273	1.7317011
843	2342	1.5068817017640006	2.3069518
844	2342	1.5163651971275085	2.1063516
845	2342	1.5228260470591977	2.449187
846	2342	1.5273359565240403	3.00118
847	2342	1.529877428298117	2.5417936
848	2342	1.5364388872673338	2.5965374
849	2342	1.546578528527764	-2.8262355
850	2342	1.5526719367571769	-2.4876826
851	2342	1.5552527772850686	3.1089146
852	2342	1.5590584234872145	2.8032215
853	2342	1.5665822297719174	2.8052638
854	2342	1.5719451289027573	2.0976045
855	2342	1.5749896458644734	2.8522255
856	2342	1.576166334172954	-2.858585
857	2342	1.5866034282399877	2.976546
858	2342	1.5925437357601195	2.9733012
859	2342	1.597582936248478	-2.8377428
860	2342	1.6094285568409044	3.1095426
861	2342	1.6103821555444302	-3.0099542
862	2342	1.6110426757473322	3.016538
863	2342	1.6148964393152525	2.7311327
864	2342	1.6164930609977617	2.7641494
865	2342	1.6199793828634057	3.127918
866	2342	1.6248611083365025	-2.6673543
867	2342	1.6295328671225855	-2.350755
868	2342	1.635201967671989	-2.1035886
869	2342	1.6420871252836875	-3.0719867
870	2342	1.6439199594890885	-1.9253514
871	2342	1.6463345763897603	-2.5931888
872	2342	1.6510894469894533	-1.9247179
873	2342	1.6546020146909743	-2.0398173
874	2342	1.6581408282283716	-2.0586474
875	2342	1.6631581571868335	-2.657454
876	2342	1.6688535035721133	2.3626773
877	2342	1.676959092552087	-2.5671036
878	2342	1.6804497887237098	2.4380324
879	2342	1.681136554762488	2.8018296
880	2342	1.686263241370436	1.8279474
881	2342	1.6867094205803435	-3.0571988
882	2342	1.6961316756601388	1.7840531
883	2342	1.6982488397542062	2.2304475
884	2342	1.6988656168973124	2.9437058
885	2342	1.7014420831192254	-3.0106902
886	2342	1.7092283477626955	2.699496
887	2342	1.728925847588286	2.66525
888	2342	1.7308505422192555	-2.7308087
889	2342	1.7349448926160473	3.1231616
890	2342	1.7383918457278762	3.039746
891	2342	1.742997989924266	-2.4676075
892	2342	1.7492226273330642	-2.1073146
893	2342	1.7502680864621594	2.9296482
894	2342	1.7530938881249023	2.7330148
895	2342	1.7534000895434652	2.7841647
896	2342	1.7557797119963015	-3.1136155
897	2342	1.7631416689597632	1.3340609
898	2342	1.763697205819157	-2.6887202
899	2342	1.7664836387280847	-2.7088413
900	2342	1.776387067465623	-2.182223
901	2342	1.7818768214698677	0.7251017
902	2342	1.7827910514195784	-2.1494348
903	2342	1.7857787024035616	2.711714
904	2342	1.790472332719542	-2.9650164
905	2342	1.7943698393472571	-2.5788984
906	2342	1.7988622515881811	-1.4983758
907	2342	1.8021561039907272	-1.8421398
908	2342	1.8052487383182187	-2.5747674
909	2342	1.810152335321213	-2.7454824
910	2342	1.8147803510475011	-2.7595096
911	2342	1.8301385393414487	2.5038922
912	2342	1.8317570325538552	1.3326604
913	2342	1.8329249722503764	-2.723526
914	2342	1.835523310002186	-3.0972924
915	2342	1.8430558648988473	-2.9392846
916	2342	1.854083490273112	2.6452096
917	2342	1.8568742974880186	-2.5438557
918	2342	1.8660822115748203	-2.9997852
919	2342	1.868995499357152	-2.8707829
920	2342	1.8767205237169104	3.1377718
921	2342	1.8813179193013418	3.1314557
922	2342	1.884869855756678	-3.131244
923	2342	1.887406953224775	3.1009123
924	2342	1.891746264756418	-0.4102242
925	2342	1.899493160646073	-1.0185988
926	2342	1.902839504720374	-1.5086485
927	2342	1.9056871779130145	-1.3036588
928	2342	1.9108838534166344	-1.0737638
929	2342	1.914623885029088	-0.54818034
930	2342	1.9209053884156182	-1.5467514
931	2342	1.9238492963398066	-2.7810197
932	2342	1.9395049374403595	-1.4262141
933	2342	1.9439842267633445	-0.7473738
934	2342	1.948813460564688	-1.3791995
935	2342	1.9569671669104354	-2.111891
936	2342	1.9634367654540839	-0.10808349
937	2342	1.9645259676429738	2.944239
938	2342	1.9713017676051852	-2.6989806
939	2342	1.9767434042436562	2.1848176
940	2342	1.9775963939096535	-3.1187878
941	2342	1.9852820495155967	-2.7864
942	2342	1.9872373642884238	-2.8199131
943	2342	1.9913885806629477	-2.3559978
944	2342	1.9930595655471084	-2.1633377
945	2342	2.0041090624512696	-1.9730694
946	2342	2.0083390163334256	-2.1043894
947	2342	2.0143099439954133	-2.0588255
948	2342	2.020543330016169	-2.1453671
949	2342	2.0268642021565153	-2.1389642
950	2342	2.0331282083191278	-2.5486832
951	2342	2.036693267692402	-2.7741601
952	2342	2.039602181168755	-2.2932138
953	2342	2.0421174071069546	-2.0793786
954	2342	2.0438671294987465	-2.7900739
955	2342	2.0473796972002667	-2.3233452
956	2342	2.0510453656110696	-2.2824044
957	2342	2.064356378706621	-2.4182134
958	2342	2.071447128699355	-2.7466707
959	2342	2.0735949129352793	-1.9744992
960	2342	2.0793514996042717	2.834954
961	2342	2.082610357558983	2.5130556
962	2342	2.0884500560415864	2.2789223
963	2342	2.092382557117137	2.860638
964	2342	2.097964171546951	2.9126937
965	2342	2.102745287982521	-2.4503753
966	2342	2.117106134513147	-2.229617
967	2342	2.1201331542509454	-2.6195354
968	2342	2.122937084383792	1.1169012
969	2342	2.125776008964473	2.27444
970	2342	2.1361037453820204	-2.859087
971	2342	2.137306679526377	-2.5160847
972	2342	2.1400318721515914	-1.9422169
973	2342	2.1419303209466847	-2.2767386
974	2342	2.147175113816079	-2.5113087
975	2342	2.159921841440279	1.5208771
976	2342	2.1656915510272103	0.67087936
977	2342	2.1669994685150735	-1.8796653
978	2342	2.169103509691203	-2.2412293
979	2342	2.173180362864076	-2.2901335
980	2342	2.178910703697193	-2.0052276
981	2342	2.1837268145805977	-2.176299
982	2342	2.1869638010054118	-1.941356
983	2342	2.1966835088918115	-2.7731185
984	2342	2.2005154009298344	-2.324276
985	2342	2.203363074122475	3.0949037
986	2342	2.2086559843576428	0.28391814
987	2342	2.210593801906552	-2.0009904
988	2342	2.2122954069325695	-2.478786
989	2342	2.220326632710891	-2.7089882
990	2342	2.2302256871424495	-2.0606284
991	2342	2.2327496616926084	-2.2146413
992	2342	2.2370321072465176	-2.0958738
993	2342	2.241052094441657	-2.1618257
994	2342	2.2453257913836078	-1.3091921
995	2342	2.246852424170446	-2.2933304
996	2342	2.2506930648204273	-1.6489902
997	2342	2.2662918399432463	-1.6000558
998	2342	2.27170285643986	-1.643631
999	2342	2.273268857980513	-1.807524
1000	2342	2.281151357355533	0.21765757
1001	2342	2.283176661024031	-0.0046741962
1002	2342	2.2853769369317085	0.16076684
1003	2342	2.289051353954471	-0.8132515
1004	2342	2.3030491330888	-2.5086062
1005	2342	2.304803229786571	-2.2314806
1006	2342	2.3086001273767573	-1.5429064
1007	2342	2.3124320194147803	-1.8809599
1008	2342	2.3176286949184	-1.8034682
1009	2342	2.322593532205108	-1.9732438
1010	2342	2.32760648685759	-2.0155368
1011	2342	2.3338048784305103	-2.8622165
1012	2342	2.3383804024850443	-1.9998163
1013	2342	2.348139479125259	-1.9590043
1014	2342	2.35568078263388	-2.3983517
1015	2342	2.3595870378735535	-2.3483438
1016	2342	2.3622597388270146	-2.6383865
1017	2342	2.36850624776571	-2.0959291
1018	2342	2.3721106758927997	-2.1734009
1019	2342	2.3733835989328282	0.10054016
1020	2342	2.37688741802239	-0.11793256
1021	2342	2.377534815307352	-1.0300536
1022	2342	2.381987858794461	-0.87392616
1023	2342	2.385229219525254	-1.3448899
1024	2342	2.3892842011682305	-1.143659
1025	2342	2.392683036914285	-1.1358566
1026	2342	2.3972498123568604	-1.4775463
1027	2342	2.402962655966058	-1.4205083
1028	2342	2.4115669158276916	-1.4693593
1029	2342	2.4316887233332904	-1.7857049
1030	2342	2.4338233846512756	-1.908754
1031	2342	2.439055054602732	-1.706644
1032	2342	2.4402842345829647	-1.8849427
1033	2342	2.4416927611083565	-1.6815225
1034	2342	2.45264164897499	-1.6347636
1035	2342	2.4549119137783393	-1.684702
1036	2342	2.4589887669512125	-1.8607503
1037	2342	2.4637392632449258	-0.65441227
1038	2342	2.466534444765813	-1.4449632
1039	2342	2.4767353263099547	-2.2686813
1040	2342	2.4851733625443684	-1.8661321
1041	2342	2.4955579649396498	-1.7383995
1042	2342	2.4988124485883816	-1.8899634
1043	2342	2.504345945652421	-1.4285358
1044	2342	2.50997130314203	-1.2260803
1045	2342	2.513510116679427	-1.2970864
1046	2342	2.5172107795380665	-1.0352557
1047	2342	2.5190742338853234	-1.1348019
1048	2342	2.5225955501988038	-1.522145
1049	2342	2.528352136867796	-1.5982882
1050	2342	2.5344630423211276	-1.783858
1051	2342	2.544283359245055	-1.6612518
1052	2342	2.5483820839478257	-1.5922465
1053	2342	2.5560852367776867	-1.8782567
1054	2342	2.560284570517986	-2.9584064
1055	2342	2.5621523991712234	-1.3573247
1056	2342	2.568910701909517	-1.0555322
1057	2342	2.5706254298534725	-1.7402539
1058	2342	2.5740986288011776	-1.9195333
1059	2342	2.5856074278331844	-1.6811721
1060	2342	2.594421654381833	-1.5437376
1061	2342	2.598826580503167	3.1056478
1062	2342	2.6029690482657335	-1.6168525
1063	2342	2.6102041503557896	-2.518114
1064	2342	2.618178510156378	-1.5182984
1065	2342	2.622255363329251	-0.75476193
1066	2342	2.6264109540097555	-1.0352359
1067	2342	2.63048343287665	-0.8694806
1068	2342	2.6309733551463514	-1.434651
1069	2342	2.6364718577625554	-1.8388987
1070	2342	2.6429502049181623	-2.1704507
1071	2342	2.6446430613322205	-2.5833802
1072	2342	2.6526611641926037	-2.706807
1073	2342	2.658802689787791	-0.31198335
1074	2342	2.6808141974765247	-1.0401597
1075	2342	2.6818421593817012	-0.65945435
1076	2342	2.69342094730938	-1.2470473
1077	2342	2.7077161792503137	0.4587121
1078	2342	2.7124754241559863	0.73063254
1079	2342	2.7170334509866017	-0.72048426
1080	2342	2.723726139135204	-1.619009
1081	2342	2.725174034414411	-2.1211603
1082	2342	2.7339707637391415	-2.4589357
1083	2342	2.7348062561812228	-2.3361762
1084	2342	2.7404316136708298	-1.7914373
1085	2342	2.7450815009270153	-1.9336523
1086	2342	2.7493333263390687	-1.0513785
1087	2342	2.755501097770132	-1.8821312
1088	2342	2.7628149373678195	-0.5759616
1089	2342	2.7637072957876336	0.012202978
1090	2342	2.7707411798026342	1.0232041
1091	2342	2.773378886308259	-1.4233667
1092	2342	2.7752423406555167	-0.77480745
1093	2342	2.7796122723290146	-0.7340543
1094	2342	2.7884439961015817	0.41973233
1095	2342	2.790683640763075	-1.8597108
1096	2342	2.792258390915687	-1.3130152
1097	2342	2.8021705682651836	-0.10138178
1098	2342	2.804012151082544	-1.5694013
1099	2342	2.8065973659164145	-1.1733434
1100	2342	2.8115184601433283	-1.2759918
1101	2342	2.8266623074442814	-0.18554378
1102	2342	2.8275546658640955	-0.9250326
1103	2342	2.83865665444001	-1.3675601
1104	2342	2.8512765271908034	-1.3326216
1105	2342	2.8555196039908983	-0.004914999
1106	2342	2.859823921074704	-0.6246722
1107	2342	2.8607250281064767	-0.9404247
1108	2342	2.8694342713116177	-0.8378732
1109	2342	2.881034930769193	-0.7022164
1110	2342	2.8896085704889707	-1.1023586
1111	2342	2.8932217472280195	-1.4309328
1112	2342	2.8939216361847357	-1.4208208
1113	2342	2.9013098389840737	-1.6816018
1114	2342	2.915456344521706	-0.44207907
1115	2342	2.9160556244408946	-0.90347147
1116	2342	2.921549752751119	-0.16223693
1117	2342	2.922197150036082	-1.6759912
1118	2342	2.9330891719249816	-1.4949152
1119	2342	2.933810932411596	-0.40714145
1120	2342	2.9404730004183417	2.1174438
1121	2342	2.94911225472781	-1.8216727
1122	2342	2.9649209965376437	-0.41622615
1123	2342	2.9695140178160964	-1.8113971
1124	2342	2.975117503775807	-1.1842246
1125	2342	2.9836386518238305	-0.743788
1126	2342	2.9892727579253977	-1.7540348
1127	2342	2.9928815603584678	-1.0913367
1128	2342	2.9962322787387476	-1.8926984
1129	2342	2.999806086723982	-1.7220478
1130	2342	3.0040885322778896	-1.9974155
1131	2342	3.006923082552592	-2.2217555
1132	2342	3.0078198152783857	-1.8212483
1133	2342	3.0445333653641447	-0.634784
1134	2342	3.045176388343127	-0.71646285
1135	2342	3.055941555358623	2.8757842
1136	2342	3.061492549646581	-2.8813539
1137	2342	3.0658274868722435	-0.026895761
1138	2342	3.069694373358103	-0.54057217
1139	2342	3.072970728536732	-0.21574712
1140	2342	3.0767413802910415	1.9362276
1141	2342	3.0817980780033185	0.4476068
1142	2342	3.0865004569312564	-1.861505
1143	2342	3.0948378841281423	-1.9281553
1144	2342	3.0965744836019953	-0.3725748
1145	2342	3.0986697761661643	2.103267
1146	2342	3.0993827880408187	2.5329483
1147	2342	3.100642588162909	-2.6809542
1148	2342	3.1035340044153443	-1.9788359
1149	2342	3.118809080895682	-1.0816357
1150	2342	3.1280432408183607	-1.3134725
1151	2342	3.1315645571318402	-1.6500034
1152	2342	3.1332442906279594	-2.7552648
1153	2342	3.1369099590387615	-1.0570419
1154	2342	3.1381916306907485	-0.6239011
1155	2342	3.125891082276456	-1.8940706
1156	2342	3.1187215947760913	-0.90535235
1157	2342	3.1158520500535545	-1.2737427
1158	2342	3.106473538033554	-0.4337561
1159	2342	3.101718667433861	-0.8892102
1160	2342	3.0994396540185525	-0.69890356
1161	2342	3.0911722157173402	-0.62827635
1162	2342	3.0893656273478154	-1.0334558
1163	2342	3.0871784743580752	-1.6051649
1164	2342	3.085253779727106	-0.8705201
1165	2342	3.0829528947819	-1.3992836
1166	2342	3.0789066617508833	-0.93004155
1167	2342	3.0767457545970203	-1.0680208
1168	2342	3.071689056884744	-1.1683499
1169	2342	3.0679227794364134	-1.1243784
1170	2342	3.0629360706198083	-1.401089
1171	2342	3.061671896191739	-0.88767123
1172	2342	3.0607707891599674	-2.425708
1173	2342	3.059699084194995	-1.6921769
1174	2342	3.0542530732505444	-2.067851
1175	2342	2.9154782160516035	-1.0314944
1176	2342	2.9076525826543174	-0.9923086
1177	2342	2.901182984110669	0.2610104
1178	2342	2.8964981024066487	-1.0946617
1179	2342	2.885273633263308	-1.0700886
1180	2342	2.8701385345743136	-1.3660069
1181	2342	2.868808745556552	-0.8816519
1182	2342	2.860593798927092	2.9585888
1183	2342	2.8552177768783142	-1.5768334
1184	2342	2.852645684962381	-0.2630694
1185	2342	2.850865342428733	-1.5941973
1186	2342	2.848341367878575	-2.1362512
1187	2342	2.846840980927613	-2.5551658
1188	2342	2.8447019453036484	-1.2260703
1189	2342	2.8417536630734803	-1.226842
1190	2342	2.828237057596893	-2.3379307
1191	2342	2.82533251842652	-1.7070464
1192	2342	2.8223754875843925	-1.8645543
1193	2342	2.8152891118976386	-1.3837247
1194	2342	2.8021005793695117	-1.519113
1195	2342	2.7977481449199306	-2.037597
1196	2342	2.792547095110332	-1.5801276
1197	2342	2.787529766151871	-1.513992
1198	2342	2.785088903415322	2.8971856
1199	2342	2.780640234234193	-1.1905779
1200	2342	2.777757566593717	-1.4235305
1201	2342	2.7752860837153115	-1.4046963
1202	2342	2.769783206793128	-1.5385686
1203	2342	2.76407473748991	-0.98652315
1204	2342	2.759376732867951	-1.1315482
1205	2342	2.7541625601404123	-1.2478225
1206	2342	2.748720923501942	-1.5708196
1207	2342	2.7441235279175107	-1.5868337
1208	2342	2.7409434074704295	-1.5782022
1209	2342	2.73842818153223	-1.6463445
1210	2342	2.7353530444286562	0.17808509
1211	2342	2.7302394807386463	-0.92697525
1212	2342	2.7244347767038795	-1.155145
1213	2342	2.718323871250549	-3.1399882
1214	2342	2.712326697752684	0.14434648
1215	2342	2.7119898761922645	-0.5479641
1216	2342	2.7029394371207243	-2.3340569
1217	2342	2.6947944793869363	-2.515571
1218	2342	2.6880930426263756	-1.7409497
1219	2342	2.683968072087728	1.1591356
1220	2342	2.683495647041944	-1.1211276
1221	2342	2.6795631459663936	-2.6218777
1222	2342	2.672953569631402	-1.056232
1223	2342	2.6570573417019787	-2.2473562
1224	2342	2.652971739917146	-1.5223249
1225	2342	2.6242762926917704	-1.9243976
1226	2342	2.616013228696536	-2.993327
1227	2342	2.5852487347428674	-0.95981693
1228	2342	2.5655949779770726	1.911484
1229	2342	2.5568157458762606	-1.314551
1230	2342	2.53754255373068	2.4204066
1231	2342	2.524161551739456	0.8338752
1232	2342	2.4987205881628123	-2.032963
1233	2342	2.4907724741981	-2.1804485
1234	2342	2.478025746573901	-1.4872819
1235	2342	2.4765297339289196	-1.3108656
1236	2342	2.4744344413647497	-1.3271899
1237	2342	2.4724091376962516	-1.4737782
1238	2342	2.4702875992962046	-0.9648526
1239	2342	2.46697624966974	2.388306
1240	2342	2.466425087116326	-0.43155718
1241	2342	2.4393393844913973	-1.8337421
1242	2342	2.4362511244698863	-1.6347524
1243	2342	2.4324454782677405	-1.9590822
1244	2342	2.4301052245687194	-2.2394817
1245	2342	2.426938227039577	-1.9306376
1246	2342	2.4265357908894654	2.623399
1247	2342	2.4201011867936533	-1.742327
1248	2342	2.4179227824158733	-1.1116188
1249	2342	2.4150926064471507	2.8793037
1250	2342	2.4147339133568337	-3.045475
1251	2342	2.40873236555299	-2.0060275
1252	2342	2.405359775642812	-3.0687435
1253	2342	2.404738624193726	-2.0861487
1254	2342	2.396689901191486	-2.058014
1255	2342	2.3953207434199104	-2.8263178
1256	2342	2.3878231829710845	-2.374545
1257	2342	2.3764587360364002	-2.7227592
1258	2342	2.3719313293476407	-1.8263853
1259	2342	2.369459846469235	-1.9449472
1260	2342	2.362351599252584	-2.1685972
1261	2342	2.357098057771231	-2.3219905
1262	2342	2.3559476152986276	-0.38086724
1263	2342	2.3503222578090197	2.8208015
1264	2342	2.348349445812275	-1.1543362
1265	2342	2.3412411985956227	-1.886238
1266	2342	2.336884389840063	-1.713629
1267	2342	2.3325450783084207	-1.9657973
1268	2342	2.326259200615911	-2.0746737
1269	2342	2.3182542206734658	-2.3338523
1270	2342	2.3162070454750703	-2.4612908
1271	2342	2.310463581724015	-1.9230292
1272	2342	2.309553726080284	-1.1002321
1273	2342	2.3037358991275783	-1.8333266
1274	2342	2.30195993089991	-1.7901536
1275	2342	2.30011397377657	-2.2997353
1276	2342	2.294121174584685	-1.8427284
1277	2342	2.2920914966102073	-1.8337321
1278	2342	2.288193989982492	0.995713
1279	2342	2.2860768258884248	0.60321283
1280	2342	2.2840427736079683	1.1792548
1281	2342	2.2685752276645337	0.78205323
1282	2342	2.2514629426728154	1.5885522
1283	2342	2.243807907208729	1.3057182
1284	2342	2.2387687067203697	0.34399557
1285	2342	2.2291539821774773	-1.3177195
1286	2342	2.2243991115777852	-2.85337
1287	2342	2.2239398094499396	-2.3217292
1288	2342	2.2164728691429705	3.0734947
1289	2342	2.2157817287982136	-1.7275229
1290	2342	2.2060576466058333	-2.5738523
1291	2342	2.2002004508993123	-2.0661278
1292	2342	2.195340596956112	-3.0801792
1293	2342	2.1923529459721287	-1.4646564
1294	2342	2.1803104816106256	-3.0341496
1295	2342	2.176172388154039	-2.0016692
1296	2342	2.173219731617891	-2.0856428
1297	2342	2.1717937078685816	-2.763174
1298	2342	2.1674806421728166	-2.208987
1299	2342	2.16660578097692	-2.9876447
1300	2342	2.1602892831425544	-2.4243565
1301	2342	2.1578790405478623	-2.931181
1302	2342	2.156313039007209	-0.6727109
1303	2342	2.1467420575241105	-2.3204436
1304	2342	2.143592557218887	-1.1832132
1305	2342	2.140587409010985	-1.8380225
1306	2342	2.136869248928429	-2.218545
1307	2342	2.1332516978834004	-1.4983886
1308	2342	2.128807403008251	-2.0478594
1309	2342	2.1228758441000783	-1.7409898
1310	2342	2.1175654366409926	-2.096829
1311	2342	2.1145909085749475	-2.7611847
1312	2342	2.109179892078333	-2.5118222
1313	2342	2.1003306710818492	-2.665762
1314	2342	2.0964856561258873	-3.0064964
1315	2342	2.0937123461348985	0.8663943
1316	2342	2.092246953631773	-2.1959205
1317	2342	2.0822429158567077	-2.5780442
1318	2342	2.078187934213731	-1.7444136
1319	2342	2.0764163402920426	-2.6353688
1320	2342	2.0748634616693273	-2.6281686
1321	2342	2.0728075378589734	-1.3107244
1322	2342	2.0686606957904274	-2.606444
1323	2342	2.0642776411989914	-1.7570969
1324	2342	2.059877089383636	-1.8487763
1325	2342	2.0568107008920213	-1.9733105
1326	2342	2.0549734923806406	2.0838778
1327	2342	2.047804004880277	-2.4406238
1328	2342	2.0444839066418528	-2.7355676
1329	2342	2.040372059021143	-2.9294674
1330	2342	2.0353722272866	-2.8338132
1331	2342	2.0267635931189867	3.1101353
1332	2342	2.02372345046325	3.0219986
1333	2342	2.0193097757299565	2.965134
1334	2342	2.013955625211075	-2.7034025
1335	2342	2.0035185311440404	-2.4775085
1336	2342	2.0020050212751412	-1.9806916
1337	2342	1.9964496526812043	3.0158827
1338	2342	1.986572469779543	-2.118042
1339	2342	1.984534043193106	-1.0609806
1340	2342	1.981130833141072	-1.6394227
1341	2342	1.977823857820587	-2.3744454
1342	2342	1.976266604891892	-2.88149
1343	2342	1.9737076358938976	-2.4090753
1344	2342	1.9712623988513691	-2.344502
1345	2342	1.969980727199382	-2.725553
1346	2342	1.9664375393560052	-2.7454395
1347	2342	1.9615645624948668	-2.5885284
1348	2342	1.9592549289377024	-3.0320232
1349	2342	1.9561666689161914	-2.7764916
1350	2342	1.9494433606257333	2.7617776
1351	2342	1.942295744655266	-2.1850266
1352	2342	1.935655548178418	-2.5811484
1353	2342	1.9323092041041177	-2.2006996
1354	2342	1.9263557736660477	-1.151652
1355	2342	1.9243304699975496	2.3540747
1356	2342	1.9199036723463179	-2.7645504
1357	2342	1.9167366748171757	1.837354
1358	2342	1.9132284814216343	-2.2575073
1359	2342	1.910380808228994	-2.5809274
1360	2342	1.9048341882470163	-2.3870206
1361	2342	1.9007442121562041	-2.4749
1362	2342	1.8979402820233586	-2.2940245
1363	2342	1.8953463185775279	3.0285819
1364	2342	1.8934085010286195	2.8248217
1365	2342	1.8922536842500373	-2.7788107
1366	2342	1.8804736782473022	-2.9061337
1367	2342	1.8681381353851743	-2.4842515
1368	2342	1.865207350378924	-2.9099324
1369	2342	1.8582959469313494	-2.8567607
1370	2342	1.8532961151968061	-2.7425902
1371	2342	1.8519313317312083	-3.089555
1372	2342	1.8458248005838573	0.7204776
1373	2342	1.8448537046564129	0.99149966
1374	2342	1.8425703169351255	3.0417178
1375	2342	1.8421985009268695	-2.3562999
1376	2342	1.8325400333241824	-2.8308568
1377	2342	1.831980122158809	-2.953719
1378	2342	1.830864674134042	-2.120235
1379	2342	1.8227984539078843	-2.5372424
1380	2342	1.817208090866112	-2.328362
1381	2342	1.811364018077529	-2.7828295
1382	2342	1.8093999546927435	-2.3809845
1383	2342	1.7997721072319122	-2.9864538
1384	2342	1.7956340137753255	-2.7090254
1385	2342	1.785594981552424	-2.8004856
1386	2342	1.7747379541113588	-2.4929085
1387	2342	1.7723977004123386	-1.8590311
1388	2342	1.7673322540881031	-1.8953161
1389	2342	1.7627479814216098	-1.7095666
1390	2342	1.7583474296062551	-1.6427555
1391	2342	1.7555741196152663	-1.5054718
1392	2342	1.7535225701108903	-0.9936135
1393	2342	1.7478141008076724	-1.6657377
1394	2342	1.7450189192867853	0.70660186
1395	2342	1.7435666497015987	0.7904968
1396	2342	1.7421931176240424	0.6366279
1397	2342	1.7391442263563466	3.0344613
1398	2342	1.7354610607216259	-3.0644646
1399	2342	1.7340656571141722	2.9296806
1400	2342	1.7316729117433978	-2.985271
1401	2342	1.7283571878109534	1.9789584
1402	2342	1.7219794496928742	2.2770903
1403	2342	1.7152386441784992	-2.71935
1404	2342	1.7036773534747383	-3.1282585
1405	2342	1.701914508165009	3.03918
1406	2342	1.6937957962670973	-3.1297667
1407	2342	1.6932052649598681	-3.0927808
1408	2342	1.6873130748055116	3.095187
1409	2342	1.6828425340944841	-2.6660209
1410	2342	1.679907374782255	-2.4256117
1411	2342	1.675760532713709	-3.0570114
1412	2342	1.672011752489297	-2.7649198
1413	2342	1.6660277019093712	-2.7558722
1414	2342	1.6624976369839324	-2.8932028
1415	2342	1.656303619716991	-3.0263739
1416	2342	1.6499521274347888	2.9817464
1417	2342	1.649260987090031	1.552738
1418	2342	1.6451753853051985	-1.2739704
1419	2342	1.6424326954560664	0.31778407
1420	2342	1.6402542910782865	0.24392486
1421	2342	1.639173837501355	0.5456047
1422	2342	1.6367417233767654	0.51715183
1423	2342	1.629209168480104	-2.8056612
1424	2342	1.618872683450598	-2.3740833
1425	2342	1.6174729055371646	2.4884975
1426	2342	1.6130417335799532	2.465669
1427	2342	1.6069177052086845	2.4258034
1428	2342	1.60485740709235	2.6967633
1429	2342	1.599455139207694	2.6522477
1430	2342	1.5959863145659678	2.8783848
1431	2342	1.5921019308561917	2.673002
1432	2342	1.5805275172344926	2.757847
1433	2342	1.5727368782850428	2.854891
1434	2342	1.5632883773693695	2.7507079
1435	2342	1.560208865959817	2.2266672
1436	2342	1.5529562666458432	2.6371005
1437	2342	1.5478383286498536	2.6306808
1438	2342	1.546316070168995	2.6788661
1439	2342	1.5225067227226958	2.867492
1440	2342	1.5181761598030121	2.6721966
1441	2342	1.512870126649906	-3.0177162
1442	2342	1.5091213464254931	2.8724587
1443	2342	1.5028923347107161	3.0903943
1444	2342	1.4869392408035607	3.046363
1445	2342	1.482731158451302	2.4051654
1446	2342	1.475911615429296	2.2193334
1447	2342	1.475014882703503	2.1270425
1448	2342	1.4688602341903776	1.7365887
1449	2342	1.4680947306439682	2.455005
1450	2342	1.4572070830610473	-1.2383046
1451	2342	1.456590305917942	2.0872958
1452	2342	1.4480691578699183	2.902036
1453	2342	1.443541751181158	-3.0562744
1454	2342	1.4408428043918207	-3.1167533
1455	2342	1.4370459068016332	-2.4946496
1456	2342	1.4315036611256353	-2.8136158
1457	2342	1.4264819578611938	-2.9884908
1458	2342	1.4174840104614077	2.1709197
1459	2342	1.4168847305422192	1.9410017
1460	2342	1.413787721908749	0.58626294
1461	2342	1.4069594302747834	2.72041
1462	2342	1.4066094857964249	3.035298
1463	2342	1.4041598744479176	1.3056118
1464	2342	1.3991425454894566	2.6407673
1465	2342	1.3865270470446411	1.8365862
1466	2342	1.3796462637389224	2.9386346
1467	2342	1.376387405784211	1.8401778
1468	2342	1.3756350251557414	2.6989434
1469	2342	1.3641306004297142	2.5480616
1470	2342	1.3624596155455535	1.867315
1471	2342	1.3458591243534341	-2.9491746
1472	2342	1.337276736021698	2.4933155
1473	2342	1.3278894753897381	-1.7998351
1474	2342	1.3144078643609873	2.7585042
1475	2342	1.307273371308458	2.4073813
1476	2342	1.298966564253429	1.6197145
1477	2342	1.2964950813750242	2.0092084
1478	2342	1.2904279189814885	3.0797427
1479	2342	1.2735955895724569	2.9781177
1480	2342	1.2708966427831188	2.396375
1481	2342	1.267021007685301	2.5268214
1482	2342	1.2652231679277355	2.256426
1483	2342	1.2602320848051507	2.530215
1484	2342	1.2598515201849372	2.3475907
1485	2342	1.2542611571431639	1.5419137
1486	2342	1.2493881802820255	2.2000372
1487	2342	1.2458624896625663	2.8063204
1488	2342	1.239747209903256	2.123696
1489	2342	1.2335663155542527	2.2839944
1490	2342	1.2284396289463047	2.0767095
1491	2342	1.2253251230889166	2.6002095
1492	2342	1.218072523774942	2.7609212
1493	2342	1.2162921812412941	2.6172254
1494	2342	1.181538320234341	-1.0078135
1495	2342	1.1787518873254133	2.1403859
1496	2342	1.1680829550414664	2.7091935
1497	2342	1.1616570995576136	2.5749586
1498	2342	1.1611759258998715	2.49669
1499	2342	1.157020335219367	2.5087607
1500	2342	1.1522785875376123	-2.4967148
1501	2342	1.1417540073509889	2.0083497
1502	2342	1.1407304197517902	1.6801064
1503	2342	1.133788396162359	2.8506448
1504	2342	1.128565474822862	3.139085
1505	2342	1.125752796078058	-3.073436
1506	2342	1.1211597747996054	-3.1409893
1507	2342	1.1124855260423008	1.0797212
1508	2342	1.1101977640150338	-1.3069419
1509	2342	1.1088242319374775	2.5899565
1510	2342	1.1030938911043613	1.086932
1511	2342	1.0963399626720474	2.1924002
1512	2342	1.094152809682308	2.7539694
1513	2342	1.0932823227923922	2.6662972
1514	2342	1.0907321024063563	1.9803298
1515	2342	1.0869133332862724	2.4617293
1516	2342	1.0856185387163464	2.9040515
1517	2342	1.07779727962504	2.504247
1518	2342	1.0766599600703755	1.3727405
1519	2342	1.0742190973338266	1.7579954
1520	2342	1.0726355985692564	2.496133
1521	2342	1.058335992322342	2.7236903
1522	2342	1.0534367696253266	1.8600929
1523	2342	1.047671434344375	2.6271532
1524	2342	1.0460485668259878	1.2010763
1525	2342	1.031464630690408	2.0616434
1526	2342	1.0293737124322178	2.3551953
1527	2342	1.0290850082375727	1.1649778
1528	2342	1.023595254233327	2.0301535
1529	2342	1.0171081584657609	1.8658812
1530	2342	1.0144223345943617	1.7562745
1531	2342	1.0130969198825799	-2.8084698
1532	2342	1.0098993022115819	2.536713
1533	2342	1.0022967584192486	-1.1411746
1534	2342	1.000363315176319	-3.0449014
1535	2342	0.9941955437452554	2.4587882
1536	2342	0.9903855232371299	2.4432266
1537	2342	0.9862299325566255	0.42116165
1538	2342	0.9816631571140508	2.45694
1539	2342	0.9613969975111285	2.6297925
1540	2342	0.9524340445591779	1.7666252
1541	2342	0.9456582445969666	1.4797695
1542	2342	0.9107512828807316	2.079962
1543	2342	0.9074355589482872	1.8863857
1544	2342	0.9044216621284269	1.2604396
1545	2342	0.898315130981076	2.3282716
1546	2342	0.8774321942350474	2.3976557
1547	2342	0.8673144245045146	1.6891363
1548	2342	0.8480412323589346	-1.0912423
1549	2342	0.8471576225510806	0.7174921
1550	2342	0.8467726836248866	1.6441905
1551	2342	0.846374621780754	0.88320804
1552	2342	0.8459984314665183	0.9803593
1553	2342	0.8455959953164065	1.502528
1554	2342	0.8451804362483566	1.946768
1555	2342	0.8406923983134118	2.0038202
1556	2342	0.8331554691107708	2.119088
1557	2342	0.8290130013482053	2.451153
1558	2342	0.8242231363006769	2.0118482
1559	2342	0.8237857057027291	0.9076979
1560	2342	0.8230726938280739	1.572798
1561	2342	0.8149802277660401	2.1858132
1562	2342	0.8117738614830823	1.8521836
1563	2342	0.8111877044818319	1.5548704
1564	2342	0.8087205959094064	1.1413052
1565	2342	0.8039176079439398	1.1814644
1566	2342	0.8005843867875777	2.575166
1567	2342	0.7917307914851137	1.9285572
1568	2342	0.7789009520473047	1.8961632
1569	2342	0.7737130251556437	2.02096
1570	2342	0.7688312996825464	1.8969209
1571	2342	0.7636127526490291	1.8338401
1572	2342	0.7608000739042247	2.510998
1573	2342	0.7565176283503154	2.0367963
1574	2342	0.7515571653695874	2.1997597
1575	2342	0.7508441534949326	1.3484361
1576	2342	0.7391691308357058	1.4096043
1577	2342	0.7365839160018344	1.033376
1578	2342	0.7325201857468988	1.274214
1579	2342	0.7297906188157044	1.1268299
1580	2342	0.727039180354613	1.7434738
1581	2342	0.7220874659858438	1.815985
1582	2342	0.7182686968657594	0.7708235
1583	2342	0.7119259531955167	0.35353565
1584	2342	0.7061562436085849	0.7697482
1585	2342	0.6970489385593117	1.0832951
1586	2342	0.6965546419836302	1.1204846
1587	2342	0.6957760155192836	1.5846107
1588	2342	0.6954216967349458	0.5262668
1589	2342	0.6950848751745262	0.4974327
1590	2342	0.6947174334722499	1.4489901
1591	2342	0.6943849862178095	1.3953512
1592	2342	0.6939650528437795	1.3425276
1593	2342	0.6936107340594422	1.6358011
1594	2342	0.6932607895810836	1.5567291
1595	2342	0.6928496048190125	2.1995208
1596	2342	0.6924865374227163	1.3985894
1597	2342	0.6920184866829122	1.6053245
1598	2342	0.6915198158012514	1.4719803
1599	2342	0.6910823852033037	1.055496
1600	2342	0.6907193178070066	1.4483087
1601	2342	0.6902731385971004	1.4840295
1602	2342	0.6898488309170907	1.1789739
1603	2342	0.6894507690729581	2.1928747
1604	2342	0.6890877016766614	-0.1457088
1605	2342	0.6886196509368574	0.49806714
1606	2342	0.6882478349286019	-0.2247951
1607	2342	0.6878760189203459	0.4401965
1608	2342	0.6875304487479674	1.1089008
1609	2342	0.6871761299636296	1.7003462
1610	2342	0.6867736938135178	0.68143034
1611	2342	0.6718573104234977	1.6727965
1612	2342	0.6714417513554474	1.3873322
1613	2342	0.6590624654335242	1.0838263
1614	2342	0.6544825670730106	2.228676
1615	2342	0.6524660120164714	1.7333634
1616	2342	0.6521116932321331	2.0067785
1617	2342	0.6451915411725997	1.616648
1618	2342	0.6396099267427848	1.8024061
1619	2342	0.6319767628085962	2.7989066
1620	2342	0.6283329659276911	1.2225554
1621	2342	0.6224757702211696	2.526119
1622	2342	0.6218108757122889	1.5078552
1623	2342	0.6127385651108517	1.8770144
1624	2342	0.6060633741861681	1.8590615
1625	2342	0.60462422751892	1.8601968
1626	2342	0.6011422799592552	1.9153326
1627	2342	0.5964617725612138	1.253473
1628	2342	0.5927173666427805	1.2510779
1629	2342	0.5914400692967727	0.92697024
1630	2342	0.5904602247573703	1.2710016
1631	2342	0.5819696968512029	2.1981232
1632	2342	0.5760818810028256	1.6649191
1633	2342	0.5751938968889916	2.1418269
1634	2342	0.5745508739100087	1.166744
1635	2342	0.5724905757936742	1.22633
1636	2342	0.5700715845870228	1.0768077
1637	2342	0.5614891962552866	2.179291
1638	2342	0.5569705381784864	2.2012799
1639	2342	0.55391727260481	1.8609207
1640	2342	0.5521631759070398	1.5351031
1641	2342	0.5478982275770483	1.720423
1642	2342	0.5455885940198839	0.9392693
1643	2342	0.5328856094554797	1.5837791
1644	2342	0.5271333970924661	1.5618131
1645	2342	0.5258560997464587	0.9064648
1646	2342	0.5219673417307029	2.2773178
1647	2342	0.5145660160134256	2.0710132
1648	2342	0.5111671802673712	1.5581048
1649	2342	0.5044701178127906	1.3569219
1650	2342	0.4999733312658874	1.3160703
1651	2342	0.490367355334953	1.6351764
1652	2342	0.4839371255451206	1.804982
1653	2342	0.4826073365273591	1.6248252
1654	2342	0.48100196623289104	0.913646
1655	2342	0.4686401775348856	2.1296446
1656	2342	0.459821576680258	2.0124075
1657	2342	0.45021560074932454	1.9699438
1658	2342	0.44720170392946423	1.5303509
1659	2342	0.44512828289519124	1.8399789
1660	2342	0.43898675730000436	1.5234263
1661	2342	0.43522047985167367	0.8108883
1662	2342	0.42998443559423816	0.92089295
1663	2342	0.4265243595644712	0.8485141
1664	2342	0.42397413917843574	1.750222
1665	2342	0.4191973970488454	1.5868332
1666	2342	0.41280216170684847	1.7833049
1667	2342	0.4119972894066244	1.3870018
1668	2342	0.40720305005311674	1.3404744
1669	2342	0.39606606702936586	1.7372243
1670	2342	0.3903707206440852	0.7472327
1671	2342	0.3887434788197197	1.2995975
1672	2342	0.38606202925429933	1.634136
1673	2342	0.3801610904879835	2.12766
1674	2342	0.3691072192778422	1.7091572
1675	2342	0.3679261566633829	1.0716383
1676	2342	0.36290882770492194	1.0938299
1677	2342	0.3609360157081771	0.08124924
1678	2342	0.3524542364139691	1.1349747
1679	2342	0.3500308709013389	1.3370874
1680	2342	0.3474762762093233	1.0009472
1681	2342	0.3469469851858067	1.0310934
1682	2342	0.3409585602999008	1.0880306
1683	2342	0.3371441654857965	1.1200631
1684	2342	0.33418276033768946	1.3989484
1685	2342	0.3302590078740977	0.9240382
1686	2342	0.3286098945198348	1.125931
1687	2342	0.32431870035396626	1.1049654
1688	2342	0.30828686893917956	-2.618275
1689	2342	0.30409628381083964	1.5664661
1690	2342	0.3019528738808952	0.27748442
1691	2342	0.2990527090165016	1.3141787
1692	2342	0.29605630942055905	-0.28903127
1693	2342	0.28722021134201325	0.6006689
1694	2342	0.28022132177484815	2.1428916
1695	2342	0.2593777537826356	1.4164512
1696	2342	0.2528162948134183	2.4046757
1697	2342	0.23301818595030088	0.08872485
1698	2342	0.22915129946444202	-1.9749022
1699	2342	0.22621614015221247	2.6938279
1700	2342	0.22443142331258503	-2.1277928
1701	2342	0.22267732661481476	2.9522707
1702	2342	0.21364001046121261	1.0010717
1703	2342	0.21031116361083013	2.3621762
1704	2342	0.20518885130886133	1.5305445
1705	2342	0.19785314018127664	1.7780259
1706	2342	0.19165037430237675	3.1142504
1707	2342	0.19065303253905608	-2.4077415
1708	2342	0.18832590175797348	-2.8646312
1709	2342	0.18388598118880317	-1.473151
1710	2342	0.180277178755734	-2.4403338
1711	2342	0.17917922795488472	-2.1599078
1712	2342	0.17079805769820489	2.17952
1713	2342	0.16861090470846607	2.104956
1714	2342	0.16590758361314828	-1.110904
1715	2342	0.161528903327691	2.922025
1716	2342	0.1530208781976059	2.611869
1717	2342	0.15183106697118776	3.005904
1718	2342	0.14657752548983494	1.1695588
1719	2342	0.14145521318786614	-3.019279
1720	2342	0.14123212358291282	-0.120108604
1721	2342	0.1370940301263266	0.6639471
1722	2342	0.13390516106728745	0.65505075
1723	2342	0.12980206205853673	0.96697783
1724	2342	0.12741806529972122	0.60133576
1725	2342	0.1262807457450572	0.6632962
1726	2342	0.1223263731396087	0.66677046
1727	2342	0.10845107457270453	-0.34263277
1728	2342	0.10373994703280642	-0.92424154
1729	2342	0.1018371239317335	-0.25237322
1730	2342	0.09116381734180701	0.99688697
1731	2342	0.08690761762377486	-0.44011545
1732	2342	0.08620335436107895	2.0735724
1733	2342	0.07481703589649769	1.4117172
1734	2342	0.07244616205562071	2.0946248
1735	2342	0.0684742922262549	1.5658014
1736	2342	0.06756006227654376	2.285002
1737	2342	0.057420421016113554	2.1070564
1738	2342	0.05584567086350134	2.1452296
1739	2342	0.05508016731709242	1.0144317
1740	2342	0.046239694932567854	1.2550151
1741	2342	0.045377956654609974	0.73863053
1742	2342	0.0410605166528657	1.0900161
1743	2342	0.0333967325768203	1.3902023
1744	2342	0.030920875392435487	0.1111114
1745	2342	0.030199114905821833	0.9210341
1746	2342	0.024464399766725986	0.9895079
1747	2342	0.015532066956632118	1.3745925
1748	2342	0.009053719801024762	1.2742116
1749	2342	0.0042463575295781375	1.8183734
1750	2342	-0.003911723122148381	0.7908752
1751	2342	-0.008894057632773844	0.9268868
1752	2342	-0.013001530947503781	0.81797004
1753	2342	-0.014108230360311502	0.8283434
1754	2342	-0.024121016747336466	0.59549856
1755	2342	-0.036093492213168155	1.2913344
1756	2342	-0.0380925500457896	0.37132335
1757	2342	-0.040870234342758494	0.6768558
1758	2342	-0.04280367758568726	1.1458399
1759	2342	-0.045038947941201	1.7114604
1760	2342	-0.05254525700198531	2.358442
1761	2342	-0.066516790300438	0.8522587
1762	2342	-0.07321822706099823	1.3939397
1763	2342	-0.07785499139924523	2.8568857
1764	2342	-0.08641988250706323	-2.3811986
1765	2342	-0.1165107333398927	0.12550688
1766	2342	-0.11697003546773788	0.43959594
1767	2342	-0.12179052065712259	0.48729157
1768	2342	-0.13116465837114433	0.83588433
1769	2342	-0.13643132277043568	0.54609895
1770	2342	-0.1384172576851186	0.896539
1771	2342	-0.13985203004638747	0.74938583
1772	2342	-0.14475125274340295	0.5718229
1773	2342	-0.14786575860079143	0.40291548
1774	2342	-0.1485962676993644	0.9024308
1775	2342	-0.153989786972061	1.0073979
1776	2342	-0.1558488670133391	0.5928056
1777	2342	-0.15801414847318052	1.1588695
1778	2342	-0.1648818088609607	0.6147318
1779	2342	-0.16694648128327483	0.628777
1780	2342	-0.1703059482755136	1.0326011
1781	2342	-0.17926015261550488	0.3032186
1782	2342	-0.18786441247713892	-0.8861673
1783	2342	-0.21079015011558333	0.50582385
1784	2342	-0.21899197382710422	0.9819205
1785	2342	-0.22373809581483828	0.5515499
1786	2342	-0.22512912511631233	0.7649839
1787	2342	-0.23214113760141553	0.0984025
1788	2342	-0.23361527871649956	-0.24328399
1789	2342	-0.23494944204024026	-0.2915771
1790	2342	-0.23567557683283358	0.13742852
1791	2342	-0.2422895274738046	0.6582761
1792	2342	-0.2524904090179474	0.5681603
1793	2342	-0.25567052946502766	-0.070643425
1794	2342	-0.2591393541067539	1.777344
1795	2342	-0.26270003917404905	1.2004569
1796	2342	-0.26568331585205307	-1.1965351
1797	2342	-0.2746900118637985	0.3294165
1798	2342	-0.278797485178528	0.49526978
1799	2342	-0.28447970864587013	0.41690803
1800	2342	-0.28598446990281046	0.14198685
1801	2342	-0.2902100494789863	1.552726
1802	2342	-0.29647405564159923	1.2603419
1803	2342	-0.3003584393513754	1.3041499
1804	2342	-0.30709049625379237	1.3857939
1805	2342	-0.30954448190827977	1.3506353
1806	2342	-0.31182349532358744	1.303314
1807	2342	-0.31361696077517376	0.87695765
1808	2342	-0.31698955068535106	1.3377383
1809	2342	-0.3190585974136444	0.89626575
1810	2342	-0.3242858930591206	1.2264936
1811	2342	-0.3271423148637198	0.8787186
1812	2342	-0.33268018623373896	0.92700696
1813	2342	-0.3350904288284311	0.6497891
1814	2342	-0.3373913137736366	0.34421182
1815	2342	-0.3419537149102321	0.4171567
1816	2342	-0.3459780764113525	0.46386147
1817	2342	-0.3506279636675371	0.42767406
1818	2342	-0.35325254725522415	0.33108974
1819	2342	-0.3558815051488904	0.5010681
1820	2342	-0.3621542599234622	0.7250259
1821	2342	-0.3694768481331083	1.5543525
1822	2342	-0.371983325459349	1.109401
1823	2342	-0.3778798899196856	0.47560143
1824	2342	-0.38368021964847365	0.8899758
1825	2342	-0.38463381835199995	0.533782
1826	2342	-0.39443226374603046	0.587502
1827	2342	-0.39822041272425857	0.50210404
1828	2342	-0.40247223813631106	0.8459463
1829	2342	-0.40432694387160995	0.20170379
1830	2342	-0.41134333066269235	0.7146399
1831	2342	-0.4183072257820215	-0.09504366
1832	2342	-0.42348640406172366	0.41726708
1833	2342	-0.42484681322134143	0.8893573
1834	2342	-0.4290986386333939	-0.10843396
1835	2342	-0.4348508509964075	0.595886
1836	2342	-0.4389670729230968	0.48102427
1837	2342	-0.44034497930663186	1.1998951
1838	2342	-0.44591784512448696	0.29212236
1839	2342	-0.4485992946899069	0.5597415
1840	2342	-0.45660864893833164	-0.035445213
1841	2342	-0.46055427293182083	0.7232106
1842	2342	-0.4647929754259348	0.09584069
1843	2342	-0.4696047120033606	0.84032536
1844	2342	-0.47026960651224137	-0.09886098
1845	2342	-0.4716781330376332	-0.28144693
1846	2342	-0.47712851828806313	1.260494
1847	2342	-0.4845429669232786	0.004286289
1848	2342	-0.4925173267238665	-0.23532605
1849	2342	-0.5010166032419923	0.8782861
1850	2342	-0.5047347633245489	-0.077668905
1851	2342	-0.5136452246047458	0.18718195
1852	2342	-0.5166241269767702	0.21263981
1853	2342	-0.5235049102824894	0.519119
1854	2342	-0.5328834223024899	0.87705827
1855	2342	-0.5347818710975836	0.7751479
1856	2342	-0.5806814637402464	0.41681528
1857	2342	-0.584876423174566	0.58401585
1858	2342	-0.5884239853239226	0.51414704
1859	2342	-0.5932225989834103	2.504318
1860	2342	-0.6011357185002861	0.19909167
1861	2342	-0.6015425289563776	1.1934168
1862	2342	-0.6020018310842228	-0.99674773
1863	2342	-0.6026798485110421	0.009626865
1864	2342	-0.6271234703243653	-0.10496068
1865	2342	-0.6321670451187034	0.36553812
1866	2342	-0.6391221916260736	-0.02535367
1867	2342	-0.6425997648797588	0.48666
1868	2342	-0.6489075141021656	0.051591396
1869	2342	-0.6526694172445171	0.30381703
1870	2342	-0.6579448302557678	0.29101706
1871	2342	-0.6603900672982959	-0.16276693
1872	2342	-0.6688718465925039	-0.4193642
1873	2342	-0.6741385109917952	-0.58764553
1874	2342	-0.6786352975386989	-0.6541414
1875	2342	-0.6829877319882791	0.055905104
1876	2342	-0.6893829673302765	0.44220638
1877	2342	-0.6970992430780756	0.004148245
1878	2342	-0.7022609241338595	-1.3337964
1879	2342	-0.7027071033437666	0.8062849
1880	2342	-0.7228332851553447	0.58322763
1881	2342	-0.7241543255611473	0.45595694
1882	2342	-0.726555819543881	0.41958523
1883	2342	-0.7341539890302338	0.5094948
1884	2342	-0.7398755812513915	-0.32444167
1885	2342	-0.745277849136047	2.938938
1886	2342	-0.7503170496244054	0.101121664
1887	2342	-0.7576571350579697	-0.8174851
1888	2342	-0.7652246844024666	-0.75675416
1889	2342	-0.7844103904284574	-0.9359615
1890	2342	-0.7853114974602295	2.4397333
1891	2342	-0.7988412258547553	-0.4183631
1892	2342	-0.8027518554004089	0.25371528
1893	2342	-0.8173489144539272	0.2119968
1894	2342	-0.8218369523888716	-0.9370694
1895	2342	-0.8296538371741988	0.08589721
1896	2342	-0.8370945316452909	-1.6705127
1897	2342	-0.8484502299680159	-0.2735815
1898	2342	-0.8539837270320558	0.15825844
1899	2342	-0.8572382106807872	-0.67627335
1900	2342	-0.858681731654015	-0.39189243
1901	2342	-0.8635722057390716	-0.5989077
1902	2342	-0.8676971762777193	-0.43381882
1903	2342	-0.8696699882744641	-0.49270654
1904	2342	-0.8742323894110595	-0.5678508
1905	2342	-0.8777799515604161	-0.047602415
1906	2342	-0.8814981116429728	-0.40165925
1907	2342	-0.8850238022624319	-0.6187885
1908	2342	-0.8889869234798393	0.037461996
1909	2342	-0.8931906315261173	-0.06686139
1910	2342	-0.8952203095005955	-0.04046011
1911	2342	-0.8969219145266125	-0.1354723
1912	2342	-0.8975168201398214	-0.03141713
1913	2342	-0.8986103966346906	-0.09408307
1914	2342	-0.9022848136574524	-0.10954428
1915	2342	-0.9080107801845889	-0.07245016
1916	2342	-0.9099354748155597	0.0020430088
1917	2342	-0.910792838787537	-0.17247033
1918	2342	-0.9130543549789274	-0.11624241
1919	2342	-0.9147165912511288	-0.16435003
1920	2342	-0.9171968227414928	-0.031407595
1921	2342	-0.9190471541708121	-0.18012738
1922	2342	-0.9199963785683587	-0.2432425
1923	2342	-0.9224547385288258	-0.22288585
1924	2342	-0.9239594997857661	-0.30460978
1925	2342	-0.9257267194014753	-0.13105154
1926	2342	-0.9270171396654212	-0.16954923
1927	2342	-0.9280363529586397	-0.32748222
1928	2342	-0.9298910586939382	-0.2534926
1929	2342	-0.9327606034164759	-0.29004574
1930	2342	-0.9344097167707388	-0.30369377
1931	2342	-0.9357526287064388	-0.31290555
1932	2342	-0.9396895040879691	-0.44009256
1933	2342	-0.9410367903296484	-0.23242092
1934	2342	-0.9437619829548631	-0.37425566
1935	2342	-0.9467758797747234	-0.4391508
1936	2342	-0.9482456465838283	-0.49190354
1937	2342	-0.9498072738185019	1.0297902
1938	2342	-0.9581840697692026	-0.0060293674
1939	2342	-0.968017509611069	-0.7508817
1940	2342	-0.9688355048292316	-0.66111207
1941	2342	-0.9735072636153137	0.85147953
1942	2342	-0.9830869937103706	-1.2522751
1943	2342	-0.9836687764056413	-1.6948203
1944	2342	-0.985457867551248	0.015150309
1945	2342	-1.0015159448019118	-0.31979585
1946	2342	-1.0075612356655506	-0.62881374
1947	2342	-1.0092628406915676	0.858866
1948	2342	-1.013667766812902	-0.1639483
1949	2342	-1.014376404381577	-0.15857363
1950	2342	-1.0162704788706916	-1.5918058
1951	2342	-1.0235449497145632	-0.97539496
1952	2342	-1.0310381358574094	0.3826785
1953	2342	-1.033745831258706	0.09812045
1954	2342	-1.0347956646937808	-0.7927122
1955	2342	-1.0367728509965048	-0.2923875
1956	2342	-1.0389556296802644	-0.033728123
1957	2342	-1.0444497579904888	-0.52919745
1958	2342	-1.0447253392671958	0.34683442
1959	2342	-1.0491083938586327	-0.56306577
1960	2342	-1.0536358005473931	-0.45376062
1961	2342	-1.0570258876814882	-1.059566
1962	2342	-1.0599654212996974	-0.34410763
1963	2342	-1.0634473688593618	-0.044127464
1964	2342	-1.0647159175934107	-1.6072055
1965	2342	-1.0723228356917232	-0.52582407
1966	2342	-1.075061151234876	-0.37400484
1967	2342	-1.0797066641850819	-0.40145302
1968	2342	-1.08542388210026	-0.55394125
1969	2342	-1.0914079326801858	-0.752285
1970	2342	-1.0974532235438246	-0.8943372
1971	2342	-1.0988355042333398	-0.23607922
1972	2342	-1.100615846766987	-1.5838263
1973	2342	-1.108174647499525	-1.7568437
1974	2342	-1.1101212136603928	0.08082318
1975	2342	-1.1131919764579865	-0.34258485
1976	2342	-1.1158778003293857	-0.50422287
1977	2342	-1.12187934813323	-0.7114043
1978	2342	-1.1251775748417563	-0.7683115
1979	2342	-1.1287076397671951	-0.42681074
1980	2342	-1.1373731399125413	-0.9640229
1981	2342	-1.1400414665600227	0.8861358
1982	2342	-1.1446869795102284	0.380162
1983	2342	-1.1515721371219267	-0.59649444
1984	2342	-1.1567206952597724	-0.5781071
1985	2342	-1.1578055231426831	-0.48792934
1986	2342	-1.160688190783159	1.2323682
1987	2342	-1.1644588425374691	-0.4171989
1988	2342	-1.173946712206957	-0.4414904
1989	2342	-1.1787015828066498	-0.5695505
1990	2342	-1.1798170308314166	-0.52848864
1991	2342	-1.1828834193230309	-0.56724167
1992	2342	-1.195805119186409	-0.54897237
1993	2342	-1.2025809191486203	-2.8846836
1994	2342	-1.206649023709535	-2.2220244
1995	2342	-1.2083331315116341	1.5366037
1996	2342	-1.2174141907250302	0.5929768
1997	2342	-1.2210142445461407	-0.59473705
1998	2342	-1.2325536637200039	-1.2228494
1999	2342	-1.2337784693942577	0.06243038
2000	2342	-1.2353225994050137	1.1774151
2001	2342	-1.237387271827327	2.0583212
2002	2342	-1.2402130734900698	0.3051567
2003	2342	-1.2445523850217122	-1.5294981
2004	2342	-1.2457246990242123	1.1445954
2005	2342	-1.2553481721790638	-0.9257152
2006	2342	-1.256791693152292	-1.0261517
2007	2342	-1.2626007714930387	-0.5721438
2008	2342	-1.2690747443426662	-0.9848888
2009	2342	-1.2725479432903717	-0.34635162
2010	2342	-1.2785319938702977	0.19673085
2011	2342	-1.2839211388370146	0.38816857
2012	2342	-1.2905482123959238	-1.2118607
2013	2342	-1.2978139346278368	-2.8841584
2014	2342	-1.3099570080268679	-0.4745109
2015	2342	-1.3112255567609168	-0.10120201
2016	2342	-1.3200222860856468	-0.6131811
2017	2342	-1.320783415326076	1.1894977
2018	2342	-1.3291295911349201	-1.44932
2019	2342	-1.3306868440636144	-1.5904809
2020	2342	-1.3370295877338576	-0.6161449
2021	2342	-1.3409314686675522	-0.98106766
2022	2342	-1.3447721093175338	-2.5183644
2023	2342	-1.3465174574033454	0.66275835
2024	2342	-1.3506511765539524	-0.6052866
2025	2342	-1.3607339518366492	-0.9243729
2026	2342	-1.3650120230845786	-1.0120642
2027	2342	-1.365436330764588	-0.7497747
2028	2342	-1.3675709920825734	2.4449756
2029	2342	-1.373900612834878	-0.98577476
2030	2342	-1.3748104684786095	-0.7810881
2031	2342	-1.3871241398108403	-1.1716034
2032	2342	-1.3900111817572958	-1.069916
2033	2342	-1.3905404727808126	-0.29608774
2034	2342	-1.3992409673739943	-0.83399844
2035	2342	-1.4064629465461127	-1.1671596
2036	2342	-1.4095030892018499	-0.78099966
2037	2342	-1.4103560788678482	-1.1005118
2038	2342	-1.4221842022363567	2.3601496
2039	2342	-1.4267990950447063	-1.4100379
2040	2342	-1.427394000657915	-0.9556811
2041	2342	-1.430311662746227	-1.1257138
2042	2342	-1.4370305967307053	-0.2274723
2043	2342	-1.4389552913616757	-0.26947284
2044	2342	-1.4476995290146522	-1.2173358
2045	2342	-1.4563562805480392	-0.79074836
2046	2342	-1.4577429355435338	-1.1890315
2047	2342	-1.4684818567231523	-0.48797393
2048	2342	-1.4721081563801397	2.423744
2049	2342	-1.47294364882222	-2.24406
2050	2342	-1.4792907667984427	-1.7658197
2051	2342	-1.4839712741964843	-2.0251842
2052	2342	-1.4868714390608782	1.3283956
2053	2342	-1.4933629091344234	-1.284083
2054	2342	-1.4940671723971197	-0.98349977
2055	2342	-1.4969935830973904	-1.1688551
2056	2342	-1.50780686747866	-2.103189
2057	2342	-1.5167916919605078	-1.3786088
2058	2342	-1.526310181771852	-0.49034667
2059	2342	-1.5293153299797537	-2.675136
2060	2342	-1.5382257912599504	-1.2101418
2061	2342	-1.540618536630725	-0.7471733
2062	2342	-1.5423595104105574	-0.71720624
2063	2342	-1.5452553009689716	2.5528047
2064	2342	-1.5527091183580024	-1.5678104
2065	2342	-1.558233866810083	-0.53
2066	2342	-1.5654558459822014	-1.5626459
2067	2342	-1.5700794874025097	-1.0139642
2068	2342	-1.5721616570487411	-2.0120249
2069	2342	-1.5752105483164374	-1.4152297
2070	2342	-1.584484076992931	-1.254544
2071	2342	-1.6062025061810392	-0.6661205
2072	2342	-1.6180743726093427	-2.4815876
2073	2342	-1.6249114128552669	-1.7206862
2074	2342	-1.6295350542755753	-1.454542
2075	2342	-1.631280402361387	1.0190995
2076	2342	-1.6336906449560795	-1.1682354
2077	2342	-1.6412844401364532	-1.9127905
2078	2342	-1.6437384257909404	1.9285815
2079	2342	-1.6448363765917895	-0.94922185
2080	2342	-1.6486507714058942	-0.8428657
2081	2342	-1.6503042590661368	-1.2880317
2082	2342	-1.651419707090904	-1.7584338
2083	2342	-1.6605095149162592	-1.3456461
2084	2342	-1.6636415179975654	-1.2655945
2085	2342	-1.666965990541969	-1.2200022
2086	2342	-1.6737899078699545	-1.0633378
2087	2342	-1.6786803819550111	-0.91613984
2088	2342	-1.6838989289885284	-1.3968668
2089	2342	-1.6871884070850958	-1.072113
2090	2342	-1.7125025157883353	-1.2071145
2091	2342	-1.7155776528919084	-2.0614166
2092	2342	-1.7205031214248008	-0.97444177
2093	2342	-1.7248118128145866	-1.8910148
2094	2342	-1.7307608689466767	2.601301
2095	2342	-1.7432232666822096	-0.24446988
2096	2342	-1.7510445257735163	-3.0005174
2097	2342	-1.7542596406684328	-1.1597831
2098	2342	-1.7565342797777612	-0.1617682
2099	2342	-1.7577065937802614	-2.5999763
2100	2342	-1.762964509567594	-1.2737625
2101	2342	-1.7666433008963351	-0.6976924
2102	2342	-1.774547671801252	-0.77359986
2103	2342	-1.775041968376933	2.8280437
2104	2342	-1.7817127849956371	-1.9003873
2105	2342	-1.7829638365057676	-1.7875867
2106	2342	-1.7897308878560203	-0.8547983
2107	2342	-1.807433704154968	-1.4066865
2108	2342	-1.8084485431422068	-2.0617528
2109	2342	-1.8191174754261537	-2.724806
2110	2342	-1.8246159780423579	-1.6947958
2111	2342	-1.831728599564989	-1.5773684
2112	2342	-1.8360547881786928	-1.8117939
2113	2342	-1.8401710101053816	-2.4372663
2114	2342	-1.8430230576040014	2.9506319
2115	2342	-1.848372833816903	-2.0859427
2116	2342	-1.8539238281048607	-1.4123455
2117	2342	-1.8547112031811668	-1.5629698
2118	2342	-1.864531520105095	-0.75046754
2119	2342	-1.8759090899577173	-1.2977251
2120	2342	-1.8810357765656656	-1.0638762
2121	2342	-1.8839009469822239	-1.8150018
2122	2342	-1.8896925280990526	-1.5013816
2123	2342	-1.8924089721123085	-1.1397643
2124	2342	-1.8935331687490344	-1.4770395
2125	2342	-1.895103544595667	-1.3582981
2126	2342	-1.9047270177505187	-2.0519748
2127	2342	-1.905580007416517	-1.73319
2128	2342	-1.9150547541680663	-1.1106622
2129	2342	-1.9183836010184492	-2.1526089
2130	2342	-1.9219180402498675	-1.9274898
2131	2342	-1.9257061892280953	-1.8245637
2132	2342	-1.929783042400969	-1.4980147
2133	2342	-1.9368300493339081	-1.8204417
2134	2342	-1.9431465471682743	1.3178031
2135	2342	-1.9503335318925568	2.401623
2136	2342	-1.955722676859274	0.693311
2137	2342	-1.961470514916308	-1.9745258
2138	2342	-1.9705340769057864	0.7373729
2139	2342	-1.974344097413912	-2.4672625
2140	2342	-1.9762556691269437	-2.4200964
2141	2342	-1.9792695659468043	-1.7859243
2142	2342	-1.9834076594033903	-3.0847511
2143	2342	-1.9846718338314595	-0.4310956
2144	2342	-1.9856210582290064	-2.0409298
2145	2342	-1.9878738258084374	-1.7120316
2146	2342	-1.9938010104106303	-2.5253708
2147	2342	-1.9974010642317406	-1.0792687
2148	2342	-1.998840210898989	-1.5511559
2149	2342	-2.0119193857776283	-1.829677
2150	2342	-2.025772812814635	-1.8786408
2151	2342	-2.0274962893705495	-1.1183577
2152	2342	-2.0280080831701484	-2.4487934
2153	2342	-2.0371591312792168	-2.3393483
2154	2342	-2.0389525967308026	-2.5164285
2155	2342	-2.046926956531391	-1.8695006
2156	2342	-2.066138908393259	-2.9640768
2157	2342	-2.075539291943157	-1.8425661
2158	2342	-2.08867095849355	-1.7025571
2159	2342	-2.1050221142448393	-1.6101369
2160	2342	-2.1130139712693454	-1.8856521
2161	2342	-2.120319062255074	-2.066874
2162	2342	-2.1233985736646264	-1.7055733
2163	2342	-2.1274141865537874	2.9643838
2164	2342	-2.1311629667782	2.953245
2165	2342	-2.133993142746922	-2.3564835
2166	2342	-2.1425755310786583	-3.0422618
2167	2342	-2.150252438072642	-2.1583273
2168	2342	-2.1526451834434166	-2.954424
2169	2342	-2.1608295099310197	-3.04849
2170	2342	-2.164700770722858	-0.51594067
2171	2342	-2.167749661990554	-2.054718
2172	2342	-2.1727494937250977	2.5541742
2173	2342	-2.182845391925733	-2.459122
2174	2342	-2.1971887412324413	2.479028
2175	2342	-2.1981817086897832	0.20355201
2176	2342	-2.200172017910446	2.685064
2177	2342	-2.207157784559672	-2.9593105
2178	2342	-2.208338847174131	-0.6850271
2179	2342	-2.217266805678246	-0.35638285
2180	2342	-2.2214748880305035	0.314229
2181	2342	-2.228084464365495	-3.066462
2182	2342	-2.228933079725514	2.7433202
2183	2342	-2.23374044199696	-1.2428763
2184	2342	-2.2384559438428373	-2.2054615
2185	2342	-2.2414917121925955	-2.5653992
2186	2342	-2.2460672362471295	-1.9641567
2187	2342	-2.2501659609499	-1.3311856
2188	2342	-2.258848958319164	-2.045627
2189	2342	-2.260935502271375	-3.1208608
2190	2342	-2.262912688574099	-3.129284
2191	2342	-2.2736122409999027	-2.6867785
2192	2342	-2.2825358251980377	-1.6535556
2193	2342	-2.2857553143989335	-1.6123686
2194	2342	-2.287452545118971	-1.441923
2195	2342	-2.2922249129425816	-2.3081002
2196	2342	-2.2929554220411545	0.5589936
2197	2342	-2.2956106257706974	2.6974204
2198	2342	-2.3019446208289818	2.9474494
2199	2342	-2.310063332726893	-2.6761498
2200	2342	-2.3111744064456805	-3.057852
2201	2342	-2.3192974926495715	-0.53577137
2202	2342	-2.3210865837951777	2.216859
2203	2342	-2.3401191891118867	-1.6294844
2204	2342	-2.35299714591547	-1.5767498
2205	2342	-2.353631420282494	-2.227106
2206	2342	-2.3643397213202566	-2.8771112
2207	2342	-2.3677910487380647	-2.4968605
2208	2342	-2.370721833744315	-2.4713228
2209	2342	-2.3825280855829263	0.114370346
2210	2342	-2.388188437520371	2.403002
2211	2342	-2.393336995658217	1.4401605
2212	2342	-2.4018012777285067	-1.0327487
2213	2342	-2.40562879546055	-0.9796133
2214	2342	-2.4107204876206625	0.57659364
2215	2342	-2.4172775722838997	-1.4687132
2216	2342	-2.419381613460029	-2.0334969
2217	2342	-2.423502209692697	1.992934
2218	2342	-2.4330032022801236	-2.7904398
2219	2342	-2.4373731339536224	1.6400883
2220	2342	-2.4416468308955723	1.6763661
2221	2342	-2.4489213017394444	1.7965767
2222	2342	-2.4507147671910303	-2.547924
2223	2342	-2.45406985987729	-2.1382065
2224	2342	-2.460530709808979	2.0983841
2225	2342	-2.4641963782197815	2.07013
2226	2342	-2.465591781827235	2.3851888
2227	2342	-2.4661648159105467	2.3269231
2228	2342	-2.4685706841992596	2.3264878
2229	2342	-2.472078877594801	2.3566086
2230	2342	-2.4765844127536636	2.1621788
2231	2342	-2.484751242017349	-2.1926374
2232	2342	-2.4910414940158385	-1.9679346
2233	2342	-2.495853230593264	-1.8505682
2234	2342	-2.5001662962890294	-1.6223968
2235	2342	-2.501447967941017	2.415827
2236	2342	-2.506732129564226	0.7703979
2237	2342	-2.5076857282677523	3.0117776
2238	2342	-2.5130180072567363	-3.0213535
2239	2342	-2.518192811230459	-2.5030322
2240	2342	-2.519741315547194	2.8415859
2241	2342	-2.524627415326271	-2.5135725
2242	2342	-2.5252091980215416	-3.0848994
2243	2342	-2.5348064253405163	-2.3870049
2244	2342	-2.538537708341011	-2.233727
2245	2342	-2.5420852704903676	-2.1961827
2246	2342	-2.54240459482687	2.7750013
2247	2342	-2.549622199693008	-2.9856937
2248	2342	-2.5550332161896225	-2.1928997
2249	2342	-2.5580383643975244	2.6117094
2250	2342	-2.570575125334708	3.0482714
2251	2342	-2.5740614472003522	-2.4729524
2252	2342	-2.585342782321426	-2.0225298
2253	2342	-2.5866375768913517	1.8905103
2254	2342	-2.5953293228725745	2.8333924
2255	2342	-2.5981157557815022	3.0538294
2256	2342	-2.6089640346106076	2.7772548
2257	2342	-2.6166234443806737	2.1596467
2258	2342	-2.6177301437934815	2.960172
2259	2342	-2.624016021485992	-0.4047358
2260	2342	-2.632265962563287	2.779065
2261	2342	-2.6368808553716363	-2.7209167
2262	2342	-2.6449601985157325	2.8453872
2263	2342	-2.6520334512845483	-2.1000752
2264	2342	-2.653857536877991	2.3501608
2265	2342	-2.6568364392500152	-2.5390792
2266	2342	-2.665335715768141	-2.3745193
2267	2342	-2.6692375967018354	2.5050957
2268	2342	-2.6704186593162946	-2.188898
2269	2342	-2.6842152203755685	3.0821536
2270	2342	-2.687504698472136	-2.535816
2271	2342	-2.6918571329217165	2.8750494
2272	2342	-2.694814163763844	2.2789767
2273	2342	-2.6958027569152057	2.0879257
2274	2342	-2.706126119026774	-2.8594594
2275	2342	-2.7105266708421287	-2.4422364
2276	2342	-2.7228403421743597	-2.571926
2277	2342	-2.7274508606767296	-2.4044805
2278	2342	-2.7320001388953865	3.0665624
2279	2342	-2.738329759647691	-2.759205
2280	2342	-2.7431458705310967	1.440851
2281	2342	-2.7486924905130747	2.5670588
2282	2342	-2.7604681222098297	2.4294527
2283	2342	-2.7646280871963134	2.643607
2284	2342	-2.7657566581390185	1.8687932
2285	2342	-2.7688099237126944	3.0072725
2286	2342	-2.777344194678656	-2.4041648
2287	2342	-2.78594408023431	-2.4582577
2288	2342	-2.803576907637586	-2.927598
2289	2342	-2.8044998861992556	3.0847085
2290	2342	-2.816249272060134	2.1580226
2291	2342	-2.825325956967551	-2.6117616
2292	2342	-2.8323248465347155	-2.1970792
2293	2342	-2.838890679809912	-1.9181004
2294	2342	-2.849424008608495	-1.9719088
2295	2342	-2.85357522498302	-2.143991
2296	2342	-2.860337902027293	-1.6169783
2297	2342	-2.8670874561536275	-2.170044
2298	2342	-2.87243285806055	-1.945248
2299	2342	-2.902812413088025	-2.5868385
2300	2342	-2.9082234295846394	2.3591006
2301	2342	-2.911202331956664	1.65818
2302	2342	-2.913197015483306	1.7179329
2303	2342	-2.917811908291655	1.3283012
2304	2342	-2.9202396481102655	2.7575934
2305	2342	-2.922439924017943	-3.0853906
2306	2342	-2.92682297860938	2.7759187
2307	2342	-2.92983687542924	3.0125115
2308	2342	-2.932807029189306	-2.6150842
2309	2342	-2.938966052008411	3.027552
2310	2342	-2.950019923218552	2.5548694
2311	2342	-2.9655093406918835	2.625109
2312	2342	-2.9730550185064835	2.269623
2313	2342	-2.9763576195209893	-2.7247484
2314	2342	-3.006833409280013	2.448301
2315	2342	-3.0095236074573917	-2.7177265
2316	2342	-3.013372996719333	2.985502
2317	2342	-3.0208486856382604	-0.5925641
2318	2342	-3.0290023919840077	1.3928568
2319	2342	-3.036154382260454	-1.6830578
2320	2342	-3.0372217129194468	-2.663135
2321	2342	-3.0420684439447085	2.7505162
2322	2342	-3.0487348862574333	1.3929126
2323	2342	-3.0501696586187017	2.1105945
2324	2342	-3.0509001677172747	1.2622402
2325	2342	-3.0539709305148683	-2.4504786
2326	2342	-3.065952154592659	2.7391722
2327	2342	-3.0669363734380415	1.0939419
2328	2342	-3.070173359862855	-2.6648562
2329	2342	-3.075680611091018	3.0915468
2330	2342	-3.0819796117014664	0.08267999
2331	2342	-3.086489521166308	-1.7189364
2332	2342	-3.100789127413222	0.010859251
2333	2342	-3.1053471542438382	1.4814675
2334	2342	-3.1092665324014503	-0.32314968
2335	2342	-3.1121317028180084	0.8907516
2336	2342	-3.119624888960854	-2.3965313
2337	2342	-3.122958110117217	-2.0994968
2338	2342	-3.131168682440697	-2.43637
2339	2342	-3.137493928887022	-2.4785683
2340	2342	-3.1396460874289254	-2.3457358
2341	2342	-3.1407746583716305	-1.97922
