gene	angle_pred
0	2.81818680026091
1	2.82821881032372
2	2.83748571894415
3	2.83896695532831
4	2.84583450583552
5	2.85789862530461
6	2.87970095585677
7	2.88169634040378
8	2.89328303655847
9	2.90513292760155
10	2.90936852915066
11	2.91360413069903
12	2.9213102323581
13	2.92714336570127
14	2.9391646394492
15	2.94209038733603
16	2.95236110899458
17	2.96758356713017
18	2.97195382652079
19	2.98308758258388
20	2.99125886589252
21	2.99846918179858
22	3.00476137598315
23	3.02120187556684
24	3.02610464554484
25	3.04630332334675
26	3.05144480496646
27	3.06664277979578
28	3.0672364985062
29	3.07310023587233
30	3.10571804004828
31	3.11410967252895
32	3.12647983243895
33	3.12910566054377
34	3.13998234245767
35	-3.11950930368604
36	-3.10660051239445
37	-3.10010021066538
38	-3.09836802103351
39	-3.09368560029777
40	-3.07906298182245
41	-3.07601481773777
42	-3.04097929322325
43	-3.034748307212
44	-3.03029847732076
45	-3.02134373023787
46	-3.01325813837677
47	-3.00580911090353
48	-2.99623004106624
49	-2.98927067850924
50	-2.98046895172464
51	-2.97625171267516
52	-2.9667277301507
53	-2.96087623446249
54	-2.95638355890355
55	-2.95173174224929
56	-2.94160179940618
57	-2.92886439091805
58	-2.92230900192906
59	-2.92084612800922
60	-2.90084943723816
61	-2.89925802628055
62	-2.89841947512216
63	-2.89169882423316
64	-2.8738627798961
65	-2.86599753728704
66	-2.86410620657437
67	-2.86256376210975
68	-2.85284391366005
69	-2.84882866140471
70	-2.83757248930773
71	-2.83036829433551
72	-2.82504930926371
73	-2.80540762561801
74	-2.80120262821724
75	-2.78878350198178
76	-2.7836787453148
77	-2.77855562621466
78	-2.77328560764304
79	-2.75866911014614
80	-2.7514465527592
81	-2.72976663898615
82	-2.71690681436416
83	-2.70981279402529
84	-2.70009906643712
85	-2.69560027010717
86	-2.6745018334502
87	-2.66732212176258
88	-2.65895497267945
89	-2.65288312784511
90	-2.64671335003079
91	-2.63300885348133
92	-2.62231579610635
93	-2.6146892652046
94	-2.60462053058995
95	-2.59345004994218
96	-2.58870030036383
97	-2.58131860192258
98	-2.57544262306509
99	-2.57264541229686
100	-2.5675161724205
101	-2.56070983024694
102	-2.55493790518541
103	-2.54941693338839
104	-2.54239636282302
105	-2.53488000654374
106	-2.5244868689552
107	-2.51856804442893
108	-2.50833404793928
109	-2.50251927720794
110	-2.49374815462249
111	-2.48952479482991
112	-2.47652419164567
113	-2.45833926130557
114	-2.44857656730341
115	-2.42040247296686
116	-2.35407124118189
117	-2.3471975701275
118	-2.34010354986884
119	-2.33272185148213
120	-2.3252789449843
121	-2.32186965311041
122	-2.31610996971198
123	-2.3079142034325
124	-2.29612552094563
125	-2.29351193453811
126	-2.28045624412583
127	-2.27186874593409
128	-2.26664157312271
129	-2.2620264814374
130	-2.25608317371089
131	-2.25134566580188
132	-2.24370689336071
133	-2.24045062177569
134	-2.23181415710328
135	-2.22142714041628
136	-2.177430749201
137	-2.16854945209346
138	-2.16222053327375
139	-2.15452667354946
140	-2.14814266743093
141	-2.14065691529138
142	-2.13081465082879
143	-2.12571601507272
144	-2.11526779030213
145	-2.10107362906286
146	-2.09748683368367
147	-2.08547168124683
148	-2.07655365929273
149	-2.06698683135103
150	-2.04866112255538
151	-2.04349515788635
152	-2.03792521967758
153	-2.0197525311753
154	-2.01093244221495
155	-2.00370988498303
156	-1.99261285425539
157	-1.97377911816227
158	-1.96878453621632
159	-1.96750528667388
160	-1.96162318710367
161	-1.95482908666456
162	-1.94703117318894
163	-1.93925774295953
164	-1.93366944233091
165	-1.92693042919702
166	-1.92022814093137
167	-1.9090637813021
168	-1.90763763229265
169	-1.89236008754187
170	-1.88287895099846
171	-1.87697236819484
172	-1.87337333121228
173	-1.85946684818035
174	-1.85278904316961
175	-1.83772572682909
176	-1.81559287357217
177	-1.8015700951452
178	-1.77061103218156
179	-1.75267093461337
180	-1.74009266764271
181	-1.73658544283834
182	-1.71943492992422
183	-1.71721919627907
184	-1.69059366767804
185	-1.68277739181325
186	-1.67526715650813
187	-1.66565136216228
188	-1.66131170704435
189	-1.65490321775239
190	-1.64191485645823
191	-1.63307028432528
192	-1.62873062921008
193	-1.62232213992214
194	-1.61178822391186
195	-1.60037903190773
196	-1.59474176482934
197	-1.5839874996228
198	-1.57609777404008
199	-1.56683698675943
200	-1.56592498589711
201	-1.56098549129407
202	-1.54488163714526
203	-1.53775089215117
204	-1.535106701733
205	-1.52962245494014
206	-1.52209385722315
207	-1.51976794898558
208	-1.50482704896706
209	-1.50339477915804
210	-1.49532755006343
211	-1.48516088274627
212	-1.47944404513463
213	-1.47232554177104
214	-1.46258733123806
215	-1.46092859141771
216	-1.45672359416116
217	-1.44678951767416
218	-1.44527155651055
219	-1.44296401070949
220	-1.42442407375938
221	-1.42023131812768
222	-1.41193149822109
223	-1.3845775932419
224	-1.38208030229788
225	-1.38015836760084
226	-1.37603294089464
227	-1.374031435653
228	-1.362677330996
229	-1.35839888401256
230	-1.3533186107708
231	-1.34874636485356
232	-1.34347634646743
233	-1.33725148154498
234	-1.33296079294097
235	-1.32519348361431
236	-1.32205962831493
237	-1.31893189382682
238	-1.31580415933887
239	-1.31267642485106
240	-1.30587620368531
241	-1.3026505362199
242	-1.293848809816
243	-1.28439827743368
244	-1.28082372373501
245	-1.27385211986091
246	-1.26735181844427
247	-1.26193490059753
248	-1.24111802196105
249	-1.22363086458137
250	-1.21702650938028
251	-1.20516437742656
252	-1.2043074638696
253	-1.18884629497943
254	-1.16962082725468
255	-1.16183515551273
256	-1.15998667055524
257	-1.15365163104897
258	-1.15161340094706
259	-1.14677796016497
260	-1.14113457231588
261	-1.13295104785432
262	-1.1178693692677
263	-1.10131869601684
264	-1.10002108406093
265	-1.09680153741568
266	-1.08787127400302
267	-1.07635802830245
268	-1.07447281848029
269	-1.06871925603629
270	-1.06213938409284
271	-1.0522175492842
272	-1.03913125513367
273	-1.03172507369295
274	-1.01639244186932
275	-1.01491732639262
276	-1.01192424976154
277	-1.01044913428491
278	-1.00922497206366
279	-1.00470781346739
280	-0.999554090516365
281	-0.986522883673578
282	-0.983223766488217
283	-0.970884211302455
284	-0.956983849287111
285	-0.94573379848094
286	-0.928026291964413
287	-0.921893239241496
288	-0.916317180329073
289	-0.915001205942541
290	-0.906591211491351
291	-0.905097733583062
292	-0.903157436464539
293	-0.899760386304437
294	-0.875760685987343
295	-0.867968893460176
296	-0.863825104347375
297	-0.857520668917572
298	-0.852128234341499
299	-0.840082478104421
300	-0.83650180361347
301	-0.833490364554503
302	-0.819877680679206
303	-0.808046152833878
304	-0.803271920180648
305	-0.799905474079129
306	-0.796765497988164
307	-0.793227669176221
308	-0.785233889888723
309	-0.776107760549666
310	-0.743949019074568
311	-0.738660638292238
312	-0.673877973725688
313	-0.668081565625819
314	-0.658600429251765
315	-0.648843856379419
316	-0.64456540942995
317	-0.625645982362977
318	-0.605471789025845
319	-0.600201770681815
320	-0.594356396096007
321	-0.589270002084855
322	-0.583345056955328
323	-0.578436166465935
324	-0.570326091779894
325	-0.568232774389293
326	-0.562944393613145
327	-0.562216017094221
328	-0.545138954172352
329	-0.535976099981579
330	-0.518427734608733
331	-0.512264077849259
332	-0.512031487028151
333	-0.507679590349035
334	-0.50039582516197
335	-0.490884084741589
336	-0.485387596390747
337	-0.476598111678549
338	-0.470299797076493
339	-0.466039712564412
340	-0.458853880355992
341	-0.44992973780103
342	-0.449017736950096
343	-0.446661224684274
344	-0.437871739973507
345	-0.431047035619603
346	-0.42382447854571
347	-0.396176774901044
348	-0.382129513475325
349	-0.373003384157257
350	-0.362812233711829
351	-0.357976792960053
352	-0.355907958815642
353	-0.354445084967975
354	-0.350815443998683
355	-0.339877554602407
356	-0.337894411813188
357	-0.332991642139889
358	-0.292845242282931
359	-0.284649476250667
360	-0.280701553105971
361	-0.277377952691157
362	-0.271703960822821
363	-0.266684895739767
364	-0.262883872061043
365	-0.258489129707895
366	-0.256958926938701
367	-0.250073014477372
368	-0.237806909079765
369	-0.232053346667786
370	-0.228705263008919
371	-0.222627297609952
372	-0.219120072863136
373	-0.213843933715245
374	-0.208696331599989
375	-0.205929724993464
376	-0.201975681038134
377	-0.19280058523472
378	-0.185975880884658
379	-0.180075419007142
380	-0.176574315071531
381	-0.155175959549116
382	-0.145835601846876
383	-0.138551836666242
384	-0.136831888753841
385	-0.13378984564899
386	-0.130233654413742
387	-0.122276600014734
388	-0.117404434398107
389	-0.103191911079223
390	-0.0967038513384521
391	-0.089677160222955
392	-0.0848968067724143
393	-0.0826810731628121
394	-0.0773559675264629
395	-0.0764684499204027
396	-0.0631740482626592
397	-0.0518872726378244
398	-0.0196918063753191
399	-0.0190552420233469
400	-0.013601599354026
401	-0.00147015179988334
402	-0.000503063649744947
403	0.00243492566714111
404	0.00583809662588669
405	0.0120874447354343
406	0.0300887501131036
407	0.038590556699385
408	0.0485674787554809
409	0.0600562411479691
410	0.0639184729379509
411	0.0724447627692146
412	0.0749665369332708
413	0.0795326619973579
414	0.0832357526995068
415	0.0874223874768578
416	0.088640428881389
417	0.0898339870416123
418	0.0942960583175575
419	0.0981521692968158
420	0.104052631176274
421	0.107376231591824
422	0.110699832007407
423	0.115737259525014
424	0.138476072682669
425	0.161325060441539
426	0.163479585941535
427	0.16627067579383
428	0.170047216229987
429	0.184112840091557
430	0.200277902154515
431	0.201324560849276
432	0.210218099349398
433	0.216571501251278
434	0.227901122562303
435	0.235858176968021
436	0.243974372462158
437	0.25291687745267
438	0.256650572212685
439	0.257060666555182
440	0.260837206992849
441	0.26628472885606
442	0.272387177505251
443	0.292034981081198
444	0.319817342589836
445	0.34174820870564
446	0.360637031714765
447	0.367737172574246
448	0.371887082490539
449	0.374188507458915
450	0.375877851318701
451	0.380988728575778
452	0.384869322804618
453	0.388915178932899
454	0.395947990871729
455	0.407846847625392
456	0.416281325304246
457	0.42309990885631
458	0.425352367336776
459	0.437434848425549
460	0.438561077665894
461	0.44258245055133
462	0.445722426640041
463	0.44871550326268
464	0.461434548706871
465	0.466190418923804
466	0.474153594152285
467	0.475181890415491
468	0.481235372584174
469	0.489945286766716
470	0.495607037026244
471	0.501703364873548
472	0.509372741171839
473	0.519869932195418
474	0.522483518532043
475	0.526309025465145
476	0.534957731539955
477	0.539560581482363
478	0.544022652769791
479	0.548258254046905
480	0.552457130457607
481	0.553307923199737
482	0.557904652331781
483	0.568738487969959
484	0.573347458724823
485	0.577497368647691
486	0.581175976116324
487	0.582822474301159
488	0.588306721043391
489	0.595339532993377
490	0.599654704816702
491	0.602813043342821
492	0.610910876424749
493	0.617154103744574
494	0.625019346005863
495	0.627547240989578
496	0.6400887829315
497	0.646295285386492
498	0.652630324874969
499	0.658781740030831
500	0.66308467023461
501	0.668813749425141
502	0.67290245124081
503	0.678319369065725
504	0.686968075152914
505	0.69845683759266
506	0.726135145404792
507	0.74468120305448
508	0.76996627373754
509	0.775064909390564
510	0.779575947177463
511	0.780322686132712
512	0.789357003329518
513	0.790801514751319
514	0.800711107937976
515	0.802835029393205
516	0.808411088314826
517	0.815143980536819
518	0.822023772226039
519	0.833102440338894
520	0.835679301817293
521	0.848447313799363
522	0.859183216493438
523	0.866007920886379
524	0.871106556545347
525	0.877233488472111
526	0.884884502367351
527	0.891066521595258
528	0.894598229609841
529	0.897523977323951
530	0.903357110319155
531	0.910812258261214
532	0.919210011116372
533	0.926206098226019
534	0.926897749882564
535	0.93264519152437
536	0.936727772541771
537	0.943974812909053
538	0.948571542061309
539	0.964571342335218
540	0.968445815776223
541	0.983086795984896
542	0.985296408800935
543	1.00755167805445
544	1.01091200336316
545	1.01529450413031
546	1.01875276241744
547	1.02035029412181
548	1.02500211057922
549	1.03195535202141
550	1.03940437916583
551	1.04721453416776
552	1.04799187718133
553	1.05111349085794
554	1.05437588319072
555	1.05669567060943
556	1.0640651272119
557	1.06688070033266
558	1.07107957676951
559	1.07748806602567
560	1.07879179879706
561	1.08875647932292
562	1.1024854586986
563	1.1038748828264
564	1.11017319748539
565	1.11594512238723
566	1.11943398473536
567	1.12946599419012
568	1.14055690397359
569	1.14431508201325
570	1.1480365351863
571	1.14931578471459
572	1.1582460481688
573	1.16207767594324
574	1.16655810969898
575	1.17121604697817
576	1.17688391809631
577	1.19075367614793
578	1.19933505337301
579	1.20895084768306
580	1.21489415530642
581	1.22780906682787
582	1.23200794327575
583	1.23475006667045
584	1.23953654098919
585	1.24482492182263
586	1.24979502047673
587	1.25238412359351
588	1.25648506706478
589	1.25863347177895
590	1.26216517981353
591	1.2692102334499
592	1.273335660167
593	1.27513517864607
594	1.27938302158669
595	1.28842958047284
596	1.3019626939379
597	1.31356163108045
598	1.32582161583066
599	1.33175880265528
600	1.34249470543054
601	1.35111892835704
602	1.36386857800895
603	1.37473301782519
604	1.37988062001497
605	1.38530365870773
606	1.3902064284519
607	1.39241604128307
608	1.40602260450869
609	1.41629944646153
610	1.42216318356241
611	1.42799631660812
612	1.43338263043897
613	1.44353705617392
614	1.44929673948804
615	1.45324466269523
616	1.45397916003614
617	1.4602958371684
618	1.46485584149403
619	1.48039658107141
620	1.48350595314972
621	1.48827406505759
622	1.49602301201027
623	1.49796942996541
624	1.50939086362827
625	1.51027226043837
626	1.51780085819205
627	1.52438073021351
628	1.52887952643336
629	1.53491464626094
630	1.55066349344142
631	1.55233447489539
632	1.56163198708911
633	1.56783236882302
634	1.57179253366239
635	1.57488354331313
636	1.58708232001604
637	1.60855412568067
638	1.61429544658132
639	1.61947977366388
640	1.62249733358353
641	1.63171527524601
642	1.64282454757086
643	1.64838224413993
644	1.65514574051623
645	1.66443713191995
646	1.67503837692318
647	1.67933518638827
648	1.68711473742943
649	1.69363952217471
650	1.70067233425118
651	1.70870283855575
652	1.71337913831916
653	1.72346011438157
654	1.73352272801275
655	1.73673615389913
656	1.73887231701231
657	1.7436098248912
658	1.75826304693861
659	1.76166009716337
660	1.77779455553199
661	1.78550065685672
662	1.79035446015414
663	1.80885155166611
664	1.82864625516646
665	1.83361023307114
666	1.83999423918128
667	1.84558866064392
668	1.84770646132911
669	1.85172783430679
670	1.85402925932921
671	1.85579817377473
672	1.85788537040431
673	1.86055404410095
674	1.86193122662795
675	1.86971077770363
676	1.87368318419369
677	1.87961425027899
678	1.88450477845527
679	1.89068067699164
680	1.8915620738096
681	1.89470817078497
682	1.89812970426626
683	1.90804541847135
684	1.91036520593081
685	1.91370716886738
686	1.91993815470959
687	1.92430229312424
688	1.93767014487714
689	1.94266472685195
690	1.94726757690776
691	1.95017496224915
692	1.95228052131758
693	1.953461837888
694	1.95502876556696
695	1.95676707596088
696	1.95762398953538
697	1.95887875584093
698	1.96331022318379
699	1.98193585181431
700	1.98541859341599
701	1.98659990998746
702	1.99420195756228
703	1.999833103915
704	2.01058736928885
705	2.0169162881273
706	2.02473868491367
707	2.02674631100622
708	2.03200408787717
709	2.04065279418691
710	2.04824260015047
711	2.05200689907653
712	2.06673357097644
713	2.07318490605005
714	2.08101954447118
715	2.08628956297263
716	2.09151673579597
717	2.10010423400743
718	2.10651272340822
719	2.11156851351894
720	2.11422494561131
721	2.11919504436531
722	2.12661958844126
723	2.12758667662275
724	2.12861497291702
725	2.13751463251272
726	2.14505547200689
727	2.14648162103479
728	2.15676458398447
729	2.1573827859238
730	2.16623347903669
731	2.1681737762132
732	2.16969785822258
733	2.17467407779586
734	2.18286984410572
735	2.19441369419153
736	2.20258497726102
737	2.2122803423438
738	2.21598343317477
739	2.21764217303472
740	2.22057404164348
741	2.22974301696021
742	2.23178736793238
743	2.23440707516635
744	2.24908478065402
745	2.25223087766098
746	2.25262260958405
747	2.25879850818427
748	2.26332178773462
749	2.27210515195123
750	2.28005608583298
751	2.30635721201302
752	2.31367158152699
753	2.31581998629668
754	2.32595604982743
755	2.32950612038848
756	2.33281135849739
757	2.33731015481286
758	2.35859221575874
759	2.38196759419128
760	2.3895023129304
761	2.40098495497662
762	2.40634678569902
763	2.40704455819036
764	2.41227785187591
765	2.42462352832826
766	2.45773711764746
767	2.46448225174241
768	2.46953804190894
769	2.47489987264338
770	2.4767055119891
771	2.4825386451982
772	2.49425387811057
773	2.49992174941674
774	2.50657507135095
775	2.51313658111642
776	2.5190125600121
777	2.57092316111955
778	2.57272880047113
779	2.57741734197441
780	2.58888162165861
781	2.60769699580048
782	2.61007187061172
783	2.61433807613652
784	2.61547654705143
785	2.6177045223904
786	2.62169529140461
787	2.6266286653708
788	2.63198437532265
789	2.64052290719084
790	2.65351126893363
791	2.66605893226294
792	2.6681522497555
793	2.67861883722063
794	2.68444584965905
795	2.69553675989186
796	2.7025940554231
797	2.7052443667549
798	2.71421135544289
799	2.71580276640489
800	2.72721195884281
801	2.73346742808922
802	2.74779624757195
803	2.75695910223871
804	2.77395659550649
805	2.78182183816372
806	2.7830398796338
807	2.78420895461267
808	2.79612005361497
809	2.81633709371168
810	2.81804480009657
811	2.8198381978414
812	2.83162688063122
813	2.83454650767811
814	2.84320745583796
815	2.84421738972251
816	2.85364956012493
817	2.85476354780409
818	2.86301440160504
819	2.87317494857419
820	2.87804711447163
821	2.88654892154863
822	2.89401019068473
823	2.90069411677074
824	2.91098932160622
825	2.91837102020066
826	2.91930750435086
827	2.94621459145203
828	2.95026656862941
829	2.95409207578388
830	2.96183490226627
831	2.96459538823013
832	2.97688597762498
833	2.98064415585747
834	2.99275112091643
835	2.99948401351999
836	3.00492541490728
837	3.01511656599015
838	3.01634684909413
839	3.01921750967032
840	3.02612178500203
841	3.03043083627386
842	3.03205285131246
843	3.03611707012661
844	3.04938698939193
845	3.05842742793609
846	3.0647379845657
847	3.06829417603277
848	3.07747539324787
849	3.09166343425774
850	3.10018972465289
851	3.10380100342847
852	3.10912610942057
853	3.11965390517852
854	3.12715802006461
855	3.13141810486231
856	3.13306460315358
857	-3.13551644780184
858	-3.12720438578931
859	-3.12015321094283
860	-3.10357805339618
861	-3.10224371648831
862	-3.10131947395115
863	-3.09592703901513
864	-3.0936929428154
865	-3.08881465604428
866	-3.08198383040073
867	-3.07544680370773
868	-3.06751423198794
869	-3.05788007466416
870	-3.05531545463893
871	-3.05193676668163
872	-3.04528344456138
873	-3.04036843291107
874	-3.0354166963906
875	-3.02839612557422
876	-3.02042682896927
877	-3.00908496520956
878	-3.00420055760922
879	-3.003239590199
880	-2.99606599908454
881	-2.99544167630826
882	-2.98225744826404
883	-2.97929497548055
884	-2.97843194105388
885	-2.97482678305843
886	-2.96393173851864
887	-2.93636972413424
888	-2.93367656705291
889	-2.92794748744246
890	-2.92312428794022
891	-2.91667907337534
892	-2.90796915853305
893	-2.90650628457115
894	-2.90255224030546
895	-2.90212378349645
896	-2.89879406200894
897	-2.88849273615383
898	-2.88771539308555
899	-2.88381643612059
900	-2.8699589187388
901	-2.86227730022176
902	-2.86099805060392
903	-2.85681753630204
904	-2.85024990548651
905	-2.84479626237539
906	-2.83851018888873
907	-2.83390121777224
908	-2.82957380398736
909	-2.82271237420787
910	-2.81623655555585
911	-2.79474638608341
912	-2.79248168579599
913	-2.79084742910194
914	-2.78721166701812
915	-2.77667162945852
916	-2.76124106342848
917	-2.75733598562936
918	-2.74445167721184
919	-2.74037521668478
920	-2.72956586339154
921	-2.72313289039279
922	-2.71816279136673
923	-2.71461272063312
924	-2.70854087551494
925	-2.69770091814743
926	-2.69301849726137
927	-2.6890338488987
928	-2.68176232469574
929	-2.67652903076024
930	-2.66773954527032
931	-2.6636202390471
932	-2.64171385422974
933	-2.63544614311822
934	-2.62868876707399
935	-2.61727957418272
936	-2.60822689376719
937	-2.60670281166844
938	-2.59722167443315
939	-2.58960738474587
940	-2.5884138264747
941	-2.57765956040772
942	-2.5749235575998
943	-2.56911490734194
944	-2.56677675729036
945	-2.55131558704728
946	-2.5453967621728
947	-2.53704185425501
948	-2.52831969763386
949	-2.51947512477559
950	-2.51071012246515
951	-2.50572166095297
952	-2.50165132119057
953	-2.49813185447806
954	-2.49568352980812
955	-2.49076851803232
956	-2.48563927784658
957	-2.46701364790085
958	-2.45709181215859
959	-2.45408649362001
960	-2.44603150543698
961	-2.44147150072704
962	-2.43330021711667
963	-2.42779760740261
964	-2.41998745167679
965	-2.41329740448911
966	-2.39320277966555
967	-2.38896717796389
968	-2.3850437376585
969	-2.38107133085863
970	-2.36662009440418
971	-2.3649368711824
972	-2.36112360548306
973	-2.35846717319768
974	-2.35112831994655
975	-2.33329227458564
976	-2.32521892391753
977	-2.32338880121065
978	-2.32044469076876
979	-2.31474009423559
980	-2.30672183086528
981	-2.29998281714458
982	-2.29545341645902
983	-2.28185297277242
984	-2.27649114168538
985	-2.27250649323957
986	-2.26510031102625
987	-2.26238879142181
988	-2.26000779565145
989	-2.24876998527622
990	-2.234918588274
991	-2.23138687988956
992	-2.22539460517685
993	-2.21976957916796
994	-2.21378954607506
995	-2.21165338276914
996	-2.20627931003857
997	-2.18445249526499
998	-2.1768810510989
999	-2.17468980048275
1000	-2.16366009765675
1001	-2.16082616180195
1002	-2.15774739347539
1003	-2.15260591157702
1004	-2.13301931385578
1005	-2.13056486832736
1006	-2.12525200369116
1007	-2.11989017255905
1008	-2.1126186481445
1009	-2.10567152675247
1010	-2.09865707642796
1011	-2.08998388610151
1012	-2.08358151695174
1013	-2.0699259858035
1014	-2.05937370623589
1015	-2.05390782128343
1016	-2.05016800526236
1017	-2.04142748598259
1018	-2.03638393704052
1019	-2.03460278079971
1020	-2.02970001052771
1021	-2.02879413037743
1022	-2.02256314393711
1023	-2.01802762237162
1024	-2.01235362980426
1025	-2.00759775901016
1026	-2.0012076314547
1027	-1.99321385119532
1028	-1.98117421430475
1029	-1.95301847980574
1030	-1.95003152362146
1031	-1.94271103264311
1032	-1.94099108451147
1033	-1.9390201830935
1034	-1.9236997910078
1035	-1.92052308965076
1036	-1.91481849299273
1037	-1.90817129130516
1038	-1.90426009252096
1039	-1.88998635923531
1040	-1.87817931312524
1041	-1.86364850571899
1042	-1.85909462167678
1043	-1.85135179463987
1044	-1.84348043054977
1045	-1.83852869372919
1046	-1.83335048686707
1047	-1.83074302099974
1048	-1.82581576742307
1049	-1.81776077896424
1050	-1.80921000473744
1051	-1.79546878200895
1052	-1.78973358124994
1053	-1.77895483147244
1054	-1.77307885203377
1055	-1.77046526534529
1056	-1.76100861093044
1057	-1.75860925265735
1058	-1.75374932799091
1059	-1.73764547181287
1060	-1.72531203577098
1061	-1.7191483781526
1062	-1.71335196924823
1063	-1.70322814629956
1064	-1.69206990612592
1065	-1.68636530939136
1066	-1.68055053803973
1067	-1.67485206211316
1068	-1.6741665311745
1069	-1.66647267054841
1070	-1.65740774804004
1071	-1.65503899381185
1072	-1.6438195454861
1073	-1.63522592548674
1074	-1.60442599964009
1075	-1.60298760882509
1076	-1.58678581950861
1077	-1.56678300592901
1078	-1.56012356247965
1079	-1.55374567637944
1080	-1.54438083402045
1081	-1.54235484524795
1082	-1.53004589230744
1083	-1.52887681721415
1084	-1.5210054529712
1085	-1.51449902980323
1086	-1.50854960052598
1087	-1.49991925558282
1088	-1.48968525788533
1089	-1.48843661223279
1090	-1.4785943464976
1091	-1.47490349684534
1092	-1.47229603092133
1093	-1.4661813397035
1094	-1.45382342020801
1095	-1.45068956444536
1096	-1.44848607211188
1097	-1.43461631202796
1098	-1.43203945015754
1099	-1.42842205023897
1100	-1.42153613668609
1101	-1.40034588536045
1102	-1.39909723970085
1103	-1.38356261869224
1104	-1.36590407587999
1105	-1.35996688817085
1106	-1.35394400909039
1107	-1.35268312180293
1108	-1.34049658495618
1109	-1.32426419131115
1110	-1.31226739961682
1111	-1.30721160882856
1112	-1.30623227889359
1113	-1.29589422726381
1114	-1.27609952092659
1115	-1.27526096966807
1116	-1.26757322966088
1117	-1.2666673494687
1118	-1.25142652730832
1119	-1.25041659330921
1120	-1.24109459645357
1121	-1.2290059925121
1122	-1.20688537747724
1123	-1.20045852473552
1124	-1.19261776438691
1125	-1.18069442233451
1126	-1.17281081629056
1127	-1.16776114626798
1128	-1.16307260416066
1129	-1.15807190063203
1130	-1.15207962553248
1131	-1.14811333925485
1132	-1.14685857276248
1133	-1.0954865962302
1134	-1.09458683683981
1135	-1.0795235180578
1136	-1.07175620739174
1137	-1.06569048251097
1138	-1.06027968453247
1139	-1.05569519619845
1140	-1.05041905608462
1141	-1.04334339718189
1142	-1.03676352406425
1143	-1.02509725599908
1144	-1.02266729355201
1145	-1.01973542450325
1146	-1.01873773211282
1147	-1.01697493819583
1148	-1.01292908132304
1149	-0.991555205056569
1150	-0.978634170448344
1151	-0.973706916603702
1152	-0.971356524707031
1153	-0.966227284056198
1154	-0.964433886071645
1155	-0.981645610064369
1156	-0.991677621301027
1157	-0.995692874118631
1158	-1.00881589551476
1159	-1.01546921839157
1160	-1.01865816155407
1161	-1.03022649662909
1162	-1.03275439207019
1163	-1.03581479817262
1164	-1.03850795554224
1165	-1.04172750276072
1166	-1.04738925404624
1167	-1.05041293527243
1168	-1.05748859417174
1169	-1.06275861347083
1170	-1.06973633936916
1171	-1.07150525409198
1172	-1.07276614140292
1173	-1.0742657403891
1174	-1.0818861515614
1175	-1.27606891686606
1176	-1.28701904971936
1177	-1.29607173081465
1178	-1.30262712056996
1179	-1.31833312439813
1180	-1.33951113421125
1181	-1.34137186108362
1182	-1.35286674616519
1183	-1.36038922420384
1184	-1.36398826170193
1185	-1.36647943221457
1186	-1.37001114077849
1187	-1.37211057931784
1188	-1.37510365641864
1189	-1.37922908375091
1190	-1.39814239301992
1191	-1.40220661222554
1192	-1.40634428117477
1193	-1.41625999669954
1194	-1.43471424502065
1195	-1.44080445300248
1196	-1.44808209851737
1197	-1.45510266992344
1198	-1.45851808303878
1199	-1.46474294887614
1200	-1.46877656400445
1201	-1.47223482280105
1202	-1.4799348043313
1203	-1.48792246402289
1204	-1.49449621613389
1205	-1.50179222406025
1206	-1.50940651420802
1207	-1.51583948763391
1208	-1.52028931796601
1209	-1.52380878487154
1210	-1.52811171571325
1211	-1.5352669449482
1212	-1.54338926247623
1213	-1.55194003684006
1214	-1.56033167008748
1215	-1.5608029726111
1216	-1.57346693262359
1217	-1.58486388454517
1218	-1.59424096850474
1219	-1.60001289420302
1220	-1.60067394189686
1221	-1.60617655186584
1222	-1.61542509876169
1223	-1.63766812946138
1224	-1.64338496783667
1225	-1.68353749427114
1226	-1.69509970803887
1227	-1.73814737839106
1228	-1.7656481863657
1229	-1.77793265588273
1230	-1.80490095315696
1231	-1.82362451676367
1232	-1.85922315872637
1233	-1.87034467391867
1234	-1.88818071973222
1235	-1.89027403739342
1236	-1.89320590628104
1237	-1.89603984217821
1238	-1.89900843593609
1239	-1.90364189052212
1240	-1.90441311281769
1241	-1.94231317987246
1242	-1.94663447304242
1243	-1.95195957935522
1244	-1.9552342136962
1245	-1.95966568147629
1246	-1.9602287961665
1247	-1.96923251039554
1248	-1.97228067469502
1249	-1.97624083995881
1250	-1.97674274653005
1251	-1.98514050037839
1252	-1.98985964630746
1253	-1.99072880158868
1254	-2.00199109536967
1255	-2.0039069094741
1256	-2.01439798095603
1257	-2.03029985008666
1258	-2.03663489032529
1259	-2.04009314900534
1260	-2.05003946821416
1261	-2.05739056320742
1262	-2.05900033671512
1263	-2.06687170070887
1264	-2.0696321868365
1265	-2.07957850602903
1266	-2.08567483458987
1267	-2.09174667990144
1268	-2.10054228646309
1269	-2.11174337205737
1270	-2.11460791197873
1271	-2.12264453786684
1272	-2.12391766672007
1273	-2.13205834640454
1274	-2.13454339599171
1275	-2.13712637856718
1276	-2.14551189071727
1277	-2.14835194738621
1278	-2.15380559068677
1279	-2.1567680635901
1280	-2.15961424106909
1281	-2.18125743151864
1282	-2.20520204716756
1283	-2.2159134677572
1284	-2.22296464290771
1285	-2.23641818715454
1286	-2.24307150953328
1287	-2.24371419476753
1288	-2.25416242042987
1289	-2.25512950868655
1290	-2.26873607320406
1291	-2.27693184013095
1292	-2.28373206197722
1293	-2.28791257639637
1294	-2.30476317111019
1295	-2.3105534590106
1296	-2.31468500693001
1297	-2.31668039155447
1298	-2.32271551192044
1299	-2.32393967426625
1300	-2.33277812640067
1301	-2.33615069366141
1302	-2.33834194425882
1303	-2.35173428030684
1304	-2.35614126474475
1305	-2.36034626239498
1306	-2.36554895235397
1307	-2.37061086364214
1308	-2.37682960834262
1309	-2.38512942902243
1310	-2.39256009443631
1311	-2.39672224639673
1312	-2.40429369047538
1313	-2.41667609254758
1314	-2.42205628603079
1315	-2.42593688064689
1316	-2.42798735256519
1317	-2.44198564890915
1318	-2.44765964134658
1319	-2.45013857008086
1320	-2.45231145823042
1321	-2.45518823972382
1322	-2.46099076920287
1323	-2.46712382251116
1324	-2.47328135906428
1325	-2.47757204805296
1326	-2.48014278895872
1327	-2.49017479929967
1328	-2.4948204953619
1329	-2.50057405833603
1330	-2.50757014607787
1331	-2.51961590344395
1332	-2.52386986755271
1333	-2.5300457665234
1334	-2.53753763999968
1335	-2.55214189662114
1336	-2.55425969745472
1337	-2.5620331282582
1338	-2.57585392097076
1339	-2.57870621919992
1340	-2.58346821066315
1341	-2.58809554426904
1342	-2.59027455321537
1343	-2.59385522802835
1344	-2.59727676173796
1345	-2.59907015954974
1346	-2.60402801698081
1347	-2.61084660114951
1348	-2.61407838969546
1349	-2.61839968271255
1350	-2.62780737019849
1351	-2.63780877640853
1352	-2.6471001684647
1353	-2.651782589361
1354	-2.66011301398568
1355	-2.66294694976834
1356	-2.66914121113212
1357	-2.67357267874698
1358	-2.67848156966733
1359	-2.682466218032
1360	-2.69022740716409
1361	-2.69595036602544
1362	-2.69987380627067
1363	-2.70350344755772
1364	-2.70621496710228
1365	-2.70783086136795
1366	-2.72431420703305
1367	-2.74157489575889
1368	-2.74567583953213
1369	-2.75534672185994
1370	-2.76234280951588
1371	-2.7642525027339
1372	-2.77279715572017
1373	-2.77415597589389
1374	-2.77735103954527
1375	-2.77787130853061
1376	-2.79138606052171
1377	-2.792169524405
1378	-2.79373033135989
1379	-2.8050171079245
1380	-2.81283950512798
1381	-2.82101690940029
1382	-2.82376515379951
1383	-2.83723706008109
1384	-2.84302734783064
1385	-2.85707461038798
1386	-2.87226646469918
1387	-2.87554109888657
1388	-2.88262899867743
1389	-2.88904360919433
1390	-2.89520114562389
1391	-2.89908174015218
1392	-2.90195240077284
1393	-2.90994005985395
1394	-2.91385125843745
1395	-2.91588336787337
1396	-2.91780530270115
1397	-2.9220715083533
1398	-2.9272252316795
1399	-2.92917777056406
1400	-2.9325258544817
1401	-2.93716542963549
1402	-2.94608957287057
1403	-2.9555217434602
1404	-2.97169904836243
1405	-2.97416573541234
1406	-2.9855259616239
1407	-2.9863522711811
1408	-2.9945970043168
1409	-3.00085247370212
1410	-3.00495953823891
1411	-3.01076206756834
1412	-3.01600760304737
1413	-3.02438087321447
1414	-3.02932036811425
1415	-3.03798743722954
1416	-3.04687485555628
1417	-3.0478419437762
1418	-3.05355878173365
1419	-3.05739653055441
1420	-3.06044469468911
1421	-3.06195653513329
1422	-3.06535970633519
1423	-3.07589974375955
1424	-3.09036322135567
1425	-3.09232188103792
1426	-3.09852226309346
1427	-3.10709139919913
1428	-3.10997430141685
1429	-3.11753350362087
1430	-3.12238730714008
1431	-3.12782258775058
1432	3.1391670522118
1433	3.1282658869444
1434	3.11504493412811
1435	3.1107358828414
1436	3.10058757739932
1437	3.09342622796446
1438	3.09129618556885
1439	3.05798060869856
1440	3.05192100534101
1441	3.04449646102718
1442	3.03925092559822
1443	3.03053489006879
1444	3.00821229066148
1445	3.00232407003694
1446	2.99278172497371
1447	2.99152695862506
1448	2.98291497690701
1449	2.98184383490248
1450	2.9666091351973
1451	2.96574610078278
1452	2.95382276008018
1453	2.94748772023277
1454	2.94371117957086
1455	2.93839831523706
1456	2.9306432471389
1457	2.92361655560447
1458	2.91102604647485
1459	2.91018749530795
1460	2.90585396081084
1461	2.89629937416088
1462	2.89580970924618
1463	2.89238205484353
1464	2.88536148413094
1465	2.86770906396921
1466	2.85808102759615
1467	2.85352102308503
1468	2.85246824352016
1469	2.83637050948115
1470	2.83403235951888
1471	2.81080388019292
1472	2.79879484820152
1473	2.78565958691637
1474	2.76679524616299
1475	2.75681220276507
1476	2.74518878191584
1477	2.74173052347561
1478	2.73324095806755
1479	2.70968807582449
1480	2.70591153519643
1481	2.70048849630518
1482	2.69797284282439
1483	2.69098899703096
1484	2.6904564864403
1485	2.68263408948899
1486	2.67581550560677
1487	2.67088213163199
1488	2.66232523732046
1489	2.65367653084086
1490	2.6465029399058
1491	2.64214492220552
1492	2.6319966169454
1493	2.62950544671624
1494	2.58087560039442
1495	2.57697664355632
1496	2.5620479846473
1497	2.55305651276196
1498	2.55238322351266
1499	2.54656845272388
1500	2.53993349321473
1501	2.52520682109922
1502	2.52377455124299
1503	2.51406082363014
1504	2.50675257488004
1505	2.5028168931837
1506	2.49639004127011
1507	2.48425247237423
1508	2.48105128804194
1509	2.47912935328046
1510	2.4711110904234
1511	2.46166055771521
1512	2.4586001520461
1513	2.45738211058988
1514	2.45381367758022
1515	2.44847020928353
1516	2.44665844912816
1517	2.43571443846223
1518	2.43412302751561
1519	2.43070761479198
1520	2.42849188108976
1521	2.40848294885238
1522	2.4016276401659
1523	2.39356041083857
1524	2.3912895898371
1525	2.3708828048879
1526	2.36795705707684
1527	2.36755308352972
1528	2.35987146532425
1529	2.35079430214044
1530	2.34703612399227
1531	2.34518151816362
1532	2.3407072050923
1533	2.33006923502923
1534	2.32736383642918
1535	2.31873349248031
1536	2.31340226582938
1537	2.30758749508597
1538	2.30119736808074
1539	2.27283964930743
1540	2.26029810695258
1541	2.2508169702512
1542	2.20197289613215
1543	2.19733332117568
1544	2.19311608219865
1545	2.18457142964304
1546	2.1553506765787
1547	2.14119324009044
1548	2.11422494561131
1549	2.11298854173419
1550	2.1124499103422
1551	2.11189291651639
1552	2.11136652674695
1553	2.11080341210989
1554	2.11022193503902
1555	2.10394198267424
1556	2.0933958248556
1557	2.08759941658402
1558	2.08089712824584
1559	2.08028504711913
1560	2.07928735488261
1561	2.06796385404067
1562	2.06347729938375
1563	2.06265711067436
1564	2.05920497312161
1565	2.05248432235498
1566	2.04782026417342
1567	2.03543174218227
1568	2.01747940276289
1569	2.01022012061354
1570	2.00338929525342
1571	1.99608716742809
1572	1.99215148579275
1573	1.98615921157737
1574	1.9792182116192
1575	1.97822051938546
1576	1.96188407416318
1577	1.95826667471627
1578	1.95258044106862
1579	1.94876105485152
1580	1.94491106457859
1581	1.93798230625054
1582	1.93263883803552
1583	1.92376366173503
1584	1.91569031170899
1585	1.90294678271002
1586	1.90225513104017
1587	1.90116562663989
1588	1.90066984092967
1589	1.9001985384644
1590	1.89968439032047
1591	1.89921920866645
1592	1.89863161078769
1593	1.8981358250775
1594	1.89764616017855
1595	1.89707080392229
1596	1.89656277658964
1597	1.89590784978732
1598	1.89521007730636
1599	1.89459799618272
1600	1.8940899688501
1601	1.89346564610401
1602	1.8928719274141
1603	1.89231493359162
1604	1.89180690625904
1605	1.8911519794568
1606	1.89063171050176
1607	1.89011144154672
1608	1.88962789745911
1609	1.88913211174903
1610	1.88856899711537
1611	1.86769703080821
1612	1.86711555374116
1613	1.84979365795827
1614	1.84338516860165
1615	1.84056347462547
1616	1.84006768891601
1617	1.83038456555472
1618	1.82257441043062
1619	1.8118935948441
1620	1.8067949590952
1621	1.79859919286872
1622	1.79766882956306
1623	1.78497426709184
1624	1.77563390917194
1625	1.77362016228124
1626	1.76874799655215
1627	1.76219872855038
1628	1.75695931414972
1629	1.75517203727488
1630	1.75380097556272
1631	1.74192048099634
1632	1.73368186910426
1633	1.73243934442826
1634	1.73153958518014
1635	1.72865668309957
1636	1.72527187449991
1637	1.71326284290619
1638	1.70694004492778
1639	1.70266771870476
1640	1.70021327341064
1641	1.69424548248413
1642	1.69101369416735
1643	1.67323885842938
1644	1.66518999169781
1645	1.66340271482682
1646	1.65796131366867
1647	1.64760490111756
1648	1.64284903081566
1649	1.63347806887092
1650	1.62718587496009
1651	1.61374457357376
1652	1.60474698111796
1653	1.60288625451507
1654	1.60063991680709
1655	1.58334250437823
1656	1.57100294901896
1657	1.55756164764923
1658	1.55334440874123
1659	1.5504431442387
1660	1.54184952533354
1661	1.53657950690317
1662	1.52925289591557
1663	1.52441133426943
1664	1.52084290134977
1665	1.5141589755387
1666	1.50521034959165
1667	1.50408412033441
1668	1.49737571128097
1669	1.48179212601992
1670	1.47382282986714
1671	1.47154588810945
1672	1.46779383085842
1673	1.4595368565827
1674	1.44406956674598
1675	1.44241694772928
1676	1.43539637731451
1677	1.43263589147602
1678	1.42076763861558
1679	1.4173767092274
1680	1.41380215550436
1681	1.41306153735287
1682	1.40468214686282
1683	1.39934479952437
1684	1.39520101036405
1685	1.38971064274741
1686	1.3874030969377
1687	1.38139858118399
1688	1.35896580826726
1689	1.35310207117355
1690	1.35010287370416
1691	1.34604477590402
1692	1.34185202025864
1693	1.32948798171506
1694	1.31969468386079
1695	1.290529018699
1696	1.28134780196711
1697	1.25364501069062
1698	1.24823421363334
1699	1.24412714935152
1700	1.24162985840237
1701	1.23917541313136
1702	1.22652981729789
1703	1.22187188001434
1704	1.21470441016087
1705	1.20443980986841
1706	1.19576049966427
1707	1.19436495472324
1708	1.1911086831943
1709	1.18489605988301
1710	1.17984639068959
1711	1.17831006709264
1712	1.16658259294354
1713	1.16352218737265
1714	1.15973952608724
1715	1.15361259413516
1716	1.14170761646779
1717	1.14004275583789
1718	1.13269166166005
1719	1.12552419181722
1720	1.12521203044919
1721	1.11942174311309
1722	1.11495967179419
1723	1.10921835094812
1724	1.10588250887895
1725	1.10429109798363
1726	1.09875788471713
1727	1.07934267179907
1728	1.07275055820873
1729	1.07008800536603
1730	1.05515322620437
1731	1.04919767697404
1732	1.04821222638203
1733	1.03227975501125
1734	1.0289622753794
1735	1.02340457887473
1736	1.02212532934895
1737	1.00793728915544
1738	1.00573379714981
1739	1.00466265520266
1740	0.992292495916992
1741	0.991086696125285
1742	0.985045455544816
1743	0.974321794454926
1744	0.970857415358882
1745	0.969847481523495
1746	0.961823098141015
1747	0.949324401829283
1748	0.940259480558508
1749	0.933532709136829
1750	0.922117396398079
1751	0.915145792533292
1752	0.909398350892836
1753	0.907849785679881
1754	0.893839249031304
1755	0.877086589005331
1756	0.874289378325425
1757	0.870402663267078
1758	0.86769726475414
1759	0.864569530274364
1760	0.854066218401896
1761	0.834516347705892
1762	0.825139265081933
1763	0.818651205303582
1764	0.806666657148307
1765	0.764561597529439
1766	0.763918912363153
1767	0.757173778522983
1768	0.744056880321656
1769	0.73668742375022
1770	0.733908575508324
1771	0.731900949465773
1772	0.72504564102813
1773	0.720687623521609
1774	0.71966544806716
1775	0.71211848797568
1776	0.709517143256537
1777	0.706487341760215
1778	0.696877668328084
1779	0.693988645487532
1780	0.689287862560721
1781	0.676758562234787
1782	0.664718926798542
1783	0.632639755823789
1784	0.621163235013872
1785	0.614522154972445
1786	0.612575737043332
1787	0.602764076854043
1788	0.600701363514301
1789	0.598834516129703
1790	0.597818461487607
1791	0.58856379510944
1792	0.574290063633543
1793	0.56984023396712
1794	0.564986430768596
1795	0.56000409053729
1796	0.555829697370688
1797	0.543226947327576
1798	0.537479505710508
1799	0.529528572100138
1800	0.527423013084087
1801	0.521510309568282
1802	0.512745308083688
1803	0.507310027833784
1804	0.497890099563403
1805	0.494456324541044
1806	0.491267381962432
1807	0.48875784941502
1808	0.484038704063803
1809	0.481143560417811
1810	0.473829191164489
1811	0.469832301522472
1812	0.462083354682401
1813	0.458710787771897
1814	0.455491241138718
1815	0.449107235172398
1816	0.443476088970332
1817	0.436969666782802
1818	0.43329718012958
1819	0.429618572665368
1820	0.420841329564791
1821	0.410595091803716
1822	0.407087867050541
1823	0.398837013704835
1824	0.390720818203498
1825	0.389386481386579
1826	0.375675864552857
1827	0.37037524215229
1828	0.364425813776811
1829	0.361830589876466
1830	0.352012808895356
1831	0.342268477647858
1832	0.335021437323459
1833	0.33311786507614
1834	0.327168436702019
1835	0.319119570126248
1836	0.31335988689621
1837	0.311431831404795
1838	0.303633918084171
1839	0.299881860889989
1840	0.288674655796568
1841	0.283153684199731
1842	0.277222618260514
1843	0.270489726069675
1844	0.269559362785141
1845	0.267588461616604
1846	0.2599619310081
1847	0.249587156224124
1848	0.238428917622239
1849	0.226536181691198
1850	0.221333492272265
1851	0.208865400100561
1852	0.204697127754651
1853	0.195069091925098
1854	0.181946072969228
1855	0.179289640960522
1856	0.115063970306375
1857	0.109194112482112
1858	0.104230134697546
1859	0.0975156049446816
1860	0.086443057704374
1861	0.0858738222741188
1862	0.0852311371109285
1863	0.08428241139384
1864	0.0500793190916084
1865	0.0430220239193659
1866	0.0332899343064802
1867	0.0284238895001128
1868	0.0195976799269259
1869	0.0143337824006859
1870	0.00695208424188291
1871	0.00353055084990059
1872	-0.00833770182803944
1873	-0.0157071583644087
1874	-0.0219993521512123
1875	-0.0280895591724324
1876	-0.0370381849663395
1877	-0.0478352957052339
1878	-0.0550578527753986
1879	-0.0556821755051905
1880	-0.0838440272672996
1881	-0.085692512212326
1882	-0.0890528374931799
1883	-0.0996846863325624
1884	-0.107690707220219
1885	-0.115249908899296
1886	-0.122301083259038
1887	-0.132571804244835
1888	-0.143160807406592
1889	-0.17000668478674
1890	-0.171267571868441
1891	-0.190199240527293
1892	-0.19567124562951
1893	-0.216096392191371
1894	-0.222376344355816
1895	-0.233314233749556
1896	-0.243725733390859
1897	-0.259615358946025
1898	-0.267358184958223
1899	-0.271912068399436
1900	-0.273931936054825
1901	-0.280775002838895
1902	-0.286546927684562
1903	-0.289307413480339
1904	-0.295691419433824
1905	-0.300655397217465
1906	-0.305858086633175
1907	-0.31079146036154
1908	-0.316336915197708
1909	-0.322219014643215
1910	-0.325059070983219
1911	-0.327440066492419
1912	-0.328272496798981
1913	-0.3298026995684
1914	-0.334944180873692
1915	-0.342956322574577
1916	-0.345649479448863
1917	-0.346849158420141
1918	-0.350013617747463
1919	-0.352339525957116
1920	-0.355810025838392
1921	-0.358399128924445
1922	-0.359727344928409
1923	-0.363167240754367
1924	-0.365272799765291
1925	-0.367745607440928
1926	-0.369551246709041
1927	-0.370977395690303
1928	-0.373572619587551
1929	-0.377587871655033
1930	-0.379895417431642
1931	-0.381774506432766
1932	-0.387283236403553
1933	-0.3891684462158
1934	-0.392981711517882
1935	-0.39719895035122
1936	-0.39925554287374
1937	-0.401440672428934
1938	-0.413162025645452
1939	-0.426921608951948
1940	-0.428066200623829
1941	-0.434603226856906
1942	-0.448007803121883
1943	-0.448821870995533
1944	-0.451325282727299
1945	-0.47379478020356
1946	-0.482253741117278
1947	-0.484634736627781
1948	-0.490798393386452
1949	-0.491789964781607
1950	-0.494440275979791
1951	-0.504619184808221
1952	-0.515104134191238
1953	-0.518892916250965
1954	-0.520361910910652
1955	-0.523128517519759
1956	-0.526182802249768
1957	-0.533870540969198
1958	-0.534256152067394
1959	-0.540389204772137
1960	-0.546724244242812
1961	-0.551467872832102
1962	-0.555581057879946
1963	-0.560453223502212
1964	-0.562228258716387
1965	-0.572872349190717
1966	-0.576703976929187
1967	-0.583204278300394
1968	-0.591204178387514
1969	-0.599577447951175
1970	-0.608036408870445
1971	-0.60997058517332
1972	-0.612461755284968
1973	-0.623038516840499
1974	-0.625762277773605
1975	-0.630059087155812
1976	-0.633817265162569
1977	-0.642215017972783
1978	-0.646830109531943
1979	-0.651769604078839
1980	-0.663894930842108
1981	-0.667628625605353
1982	-0.674128926980281
1983	-0.683763083632548
1984	-0.690967278283367
1985	-0.69248523943329
1986	-0.696518853940623
1987	-0.701794993099103
1988	-0.715071032351444
1989	-0.721724354005829
1990	-0.723285160833723
1991	-0.727575849407753
1992	-0.745656725368909
1993	-0.755137861749016
1994	-0.760830216064078
1995	-0.763186728334368
1996	-0.775893532161433
1997	-0.780930959690543
1998	-0.797077659353929
1999	-0.798791486460102
2000	-0.800952132776137
2001	-0.803841155612369
2002	-0.807795199579023
2003	-0.813867044184427
2004	-0.815507421557716
2005	-0.828973205966205
2006	-0.830993073627617
2007	-0.839121510762393
2008	-0.848180311184384
2009	-0.853040235194868
2010	-0.861413504775155
2011	-0.868954344046848
2012	-0.87822737285977
2013	-0.888394040093889
2014	-0.905385411704739
2015	-0.907160446923616
2016	-0.919469398045716
2017	-0.920534419177188
2018	-0.932212926757522
2019	-0.934391935509562
2020	-0.943267111606857
2021	-0.948726875109874
2022	-0.954100947257765
2023	-0.956543150887715
2024	-0.962327317379954
2025	-0.976435786973624
2026	-0.982421940233536
2027	-0.983015658910665
2028	-0.986002614729682
2029	-0.994859428398528
2030	-0.996132557108426
2031	-1.01336264037155
2032	-1.01740237570193
2033	-1.01814299384585
2034	-1.03031728713817
2035	-1.04042274627753
2036	-1.04467670999796
2037	-1.04587026816417
2038	-1.0624209414039
2039	-1.06887839712516
2040	-1.06971082743619
2041	-1.07379340844699
2042	-1.08319497431371
2043	-1.08588813120281
2044	-1.098123632616
2045	-1.11023671780876
2046	-1.11217701493177
2047	-1.12720360621727
2048	-1.13227775863164
2049	-1.13344683355466
2050	-1.1423281304835
2051	-1.14887739837792
2052	-1.15293549614829
2053	-1.16201877984626
2054	-1.16300423043619
2055	-1.16709905307403
2056	-1.18222969815924
2057	-1.19480184419921
2058	-1.20812072919812
2059	-1.21232572643864
2060	-1.22479381869469
2061	-1.22814190237894
2062	-1.23057798520596
2063	-1.2346299621697
2064	-1.24505982432514
2065	-1.25279040877586
2066	-1.26289586794432
2067	-1.26936556530492
2068	-1.27227907140127
2069	-1.27654527675688
2070	-1.28952139634802
2071	-1.31991122360782
2072	-1.33652310502017
2073	-1.34608993282147
2074	-1.35255963019014
2075	-1.35500183383279
2076	-1.35837440076802
2077	-1.36900012889908
2078	-1.37243390394642
2079	-1.37397022754164
2080	-1.3793075748528
2081	-1.3816212414626
2082	-1.38318204830259
2083	-1.39590109384717
2084	-1.40028359462252
2085	-1.40493541108832
2086	-1.41448387646658
2087	-1.42132694332192
2088	-1.42862907101366
2089	-1.43323192099248
2090	-1.46865305508337
2091	-1.47295598531911
2092	-1.47984801867034
2093	-1.48587701765055
2094	-1.49420132081207
2095	-1.51163951177715
2096	-1.52258352211528
2097	-1.52708231831194
2098	-1.53026514011115
2099	-1.53190551750005
2100	-1.53926273250606
2101	-1.54441033468639
2102	-1.55547064044289
2103	-1.55616229210344
2104	-1.56549652911616
2105	-1.56724708110692
2106	-1.576715975967
2107	-1.60148689872776
2108	-1.60290692691701
2109	-1.61783558533993
2110	-1.6255294449716
2111	-1.63548188392401
2112	-1.64153536616599
2113	-1.64729504947271
2114	-1.65128581835298
2115	-1.6587715704099
2116	-1.66653887978165
2117	-1.66764062579193
2118	-1.6813818468665
2119	-1.69730207672193
2120	-1.70447566741584
2121	-1.70848479873413
2122	-1.71658875272813
2123	-1.72038977646746
2124	-1.72196282493938
2125	-1.72416019615121
2126	-1.73762598073839
2127	-1.73881953891789
2128	-1.75207721592904
2129	-1.75673515323622
2130	-1.7616807686693
2131	-1.76698139115136
2132	-1.77268598717197
2133	-1.78254661398603
2134	-1.79138506533445
2135	-1.80144155811032
2136	-1.80898239749084
2137	-1.81702514338991
2138	-1.82970746417118
2139	-1.83503869071686
2140	-1.83771348520671
2141	-1.84193072411666
2142	-1.84772101150309
2143	-1.84948992593735
2144	-1.8508181419659
2145	-1.85397035972964
2146	-1.86226405889549
2147	-1.86730148650767
2148	-1.86931523339046
2149	-1.88761645886432
2150	-1.90700106792793
2151	-1.90941266754047
2152	-1.91012880245082
2153	-1.92293353948231
2154	-1.92544307207496
2155	-1.9366013108972
2156	-1.9634839137106
2157	-1.97663753699679
2158	-1.99501221225031
2159	-2.01789180456588
2160	-2.02907452665728
2161	-2.03929628139044
2162	-2.04360533248829
2163	-2.04922423718759
2164	-2.05446977240321
2165	-2.05842993726306
2166	-2.0704389688806
2167	-2.08118099257821
2168	-2.08452907631817
2169	-2.09598111412185
2170	-2.10139803205792
2171	-2.1056642374838
2172	-2.11266032471834
2173	-2.12678715703823
2174	-2.14685729707163
2175	-2.14824672122193
2176	-2.15103169033391
2177	-2.160806625878
2178	-2.162459244912
2179	-2.17495182064907
2180	-2.18084004106158
2181	-2.19008858684647
2182	-2.19127602422735
2183	-2.19800279578265
2184	-2.20460103030301
2185	-2.20884887330652
2186	-2.21525124186892
2187	-2.22098644200652
2188	-2.23313625233294
2189	-2.23605587929862
2190	-2.23882248598329
2191	-2.25379399030258
2192	-2.26628044525872
2193	-2.27078536234197
2194	-2.27316023710891
2195	-2.27983804218894
2196	-2.28086021766876
2197	-2.28457555010163
2198	-2.29343848480301
2199	-2.30479871050075
2200	-2.30635339656096
2201	-2.31771974307404
2202	-2.32022315488058
2203	-2.3468548046965
2204	-2.36487447307331
2205	-2.36576199070759
2206	-2.38074573670225
2207	-2.38557505679749
2208	-2.38967600035164
2209	-2.40619606998737
2210	-2.41411639978219
2211	-2.42132059465897
2212	-2.43316436448944
2213	-2.43852007436244
2214	-2.44564469869767
2215	-2.45481979481544
2216	-2.45776390504455
2217	-2.46352970927777
2218	-2.47682411139892
2219	-2.48293880187907
2220	-2.48891883451189
2221	-2.49909774369387
2222	-2.5016072763249
2223	-2.50630193858884
2224	-2.51534237687473
2225	-2.52047161674285
2226	-2.52242415554727
2227	-2.52322598182749
2228	-2.52659242804237
2229	-2.53150131870541
2230	-2.53780575434605
2231	-2.54923330904926
2232	-2.5580350357061
2233	-2.56476792814341
2234	-2.57080304809296
2235	-2.57259644580639
2236	-2.57999038586824
2237	-2.58132472273389
2238	-2.58878599172219
2239	-2.59602691150496
2240	-2.59819367870993
2241	-2.60503062494805
2242	-2.60584469285296
2243	-2.61927375288127
2244	-2.62449480493576
2245	-2.62945878291568
2246	-2.62990560214202
2247	-2.64000494082137
2248	-2.64757638442736
2249	-2.65178138180675
2250	-2.66932362706663
2251	-2.6742019136951
2252	-2.68998748611549
2253	-2.69179924626973
2254	-2.70396129838895
2255	-2.70786025520927
2256	-2.72303986732456
2257	-2.7337574079799
2258	-2.73530597324909
2259	-2.74410157914716
2260	-2.75564542934157
2261	-2.76210288531123
2262	-2.77340802387001
2263	-2.78330537582241
2264	-2.78585775415575
2265	-2.79002602668622
2266	-2.80191876314571
2267	-2.80737852687448
2268	-2.80903114594056
2269	-2.82833618496389
2270	-2.83293903510704
2271	-2.83902924241194
2272	-2.84316691089318
2273	-2.8445502142613
2274	-2.85899532908281
2275	-2.86515286531826
2276	-2.88238294932408
2277	-2.88883428451046
2278	-2.89519992833907
2279	-2.90405674239914
2280	-2.91079575572521
2281	-2.91855694455323
2282	-2.93503416879144
2283	-2.94085506041729
2284	-2.94243422975448
2285	-2.94670655610128
2286	-2.95864825911709
2287	-2.97068177430891
2288	-2.99535476503655
2289	-2.99664625624121
2290	-3.01308675565756
2291	-3.02578743931623
2292	-3.03558073756313
2293	-3.04476807548423
2294	-3.05950698935755
2295	-3.0653156393871
2296	-3.07477841383204
2297	-3.08422282584609
2298	-3.09170245739817
2299	-3.13421149273238
2300	3.14140237070946
2301	3.13723409812532
2302	3.13444300811267
2303	3.12798555205154
2304	3.12458850170594
2305	3.12150973355449
2306	3.11537668049625
2307	3.11115944141644
2308	3.10700341045031
2309	3.09838530794404
2310	3.08291801743014
2311	3.06124422409829
2312	3.05068582434647
2313	3.04606461170009
2314	3.00342091827276
2315	2.99965661922264
2316	2.99427030513368
2317	2.98380983833711
2318	2.97240064575816
2319	2.96239311900136
2320	2.96089964100183
2321	2.95411778188807
2322	2.94478966519784
2323	2.94278203903308
2324	2.9417598635162
2325	2.93746305385794
2326	2.92069815120973
2327	2.91932096862585
2328	2.91479156812719
2329	2.90708546646604
2330	2.89827149792287
2331	2.89196094127644
2332	2.8719520085039
2333	2.86557412292406
2334	2.86008987582142
2335	2.85608074428911
2336	2.84559579418691
2337	2.84093173582122
2338	2.82944297262517
2339	2.82059227918423
2340	2.81758083992141
2341	2.81600167055173
