	N	D	A
0	2342	-3.1392130311369573	-1.8450041
1	2342	-3.1320435436365925	-1.8523271
2	2342	-3.1254208443836626	-3.0150502
3	2342	-3.124362262336629	2.9956162
4	2342	-3.1194542910276546	2.7833164
5	2342	-3.1108325339421037	-3.1372082
6	2342	-3.095251256043203	2.6100123
7	2342	-3.093825232293893	-2.562119
8	2342	-3.0855446710747407	2.6130908
9	2342	-3.0770760146984713	3.1048768
10	2342	-3.0740489949606724	2.3541849
11	2342	-3.0710219752228736	2.6996505
12	2342	-3.0655147239947107	2.2560542
13	2342	-3.061346010396268	2.65494
14	2342	-3.0527548734525736	2.9397943
15	2342	-3.050663955194383	2.9960997
16	2342	-3.043323869760819	2.35899
17	2342	-3.032444970789857	2.4816902
18	2342	-3.0293217163205095	2.6026084
19	2342	-3.021364853743839	2.9444668
20	2342	-3.0155251552612357	-3.1411917
21	2342	-3.0103722228174106	2.5963638
22	2342	-3.0058754362705074	1.6132271
23	2342	-2.994126050409629	-2.458398
24	2342	-2.990622231320067	-3.1200376
25	2342	-2.9761870215877897	1.8949726
26	2342	-2.9725126045650283	2.4736493
27	2342	-2.961651202817984	2.7454584
28	2342	-2.9612268951379748	2.5679367
29	2342	-2.957036310009635	2.5480125
30	2342	-2.9337256334449964	2.8615248
31	2342	-2.927728459947132	-2.6045096
32	2342	-2.9188879875626066	-2.4334893
33	2342	-2.9170114102974107	-2.919401
34	2342	-2.9092382685718783	-2.9532154
35	2342	-2.8923053301253185	-3.0142033
36	2342	-2.8830799188145995	3.043483
37	2342	-2.8784344058643936	-2.2427394
38	2342	-2.8771964772722014	2.3957274
39	2342	-2.8738501331979007	3.128762
40	2342	-2.8633999162129276	-1.3322883
41	2342	-2.8612215118351476	2.2851703
42	2342	-2.8361829844086155	-1.1965915
43	2342	-2.8317299409215066	2.05669
44	2342	-2.828549820474426	3.0867193
45	2342	-2.82215021082645	-2.995362
46	2342	-2.816371752627559	2.2730086
47	2342	-2.8110482222505344	-0.64139414
48	2342	-2.804202433392651	2.4102867
49	2342	-2.7992288474939846	-2.7248895
50	2342	-2.792938595495495	-2.2303715
51	2342	-2.7899246986756348	-2.739054
52	2342	-2.783118278571567	-2.589552
53	2342	-2.778936442055186	-2.3243663
54	2342	-2.775725701466249	-2.323845
55	2342	-2.772401228921846	-2.797804
56	2342	-2.7651617525258096	3.0459344
57	2342	-2.756058821782516	2.7063224
58	2342	-2.751373940078495	-1.9320403
59	2342	-2.7503284809493995	2.7274745
60	2342	-2.736037623314445	2.893398
61	2342	-2.7349003037597805	2.0113046
62	2342	-2.734301023840592	2.558223
63	2342	-2.729498035875125	2.442856
64	2342	-2.716751308250926	0.6018462
65	2342	-2.711130325067297	-2.2334058
66	2342	-2.709778664519638	2.661267
67	2342	-2.7086763394128095	2.071079
68	2342	-2.7017299415173985	-2.088119
69	2342	-2.698860396794861	2.946386
70	2342	-2.690816048098601	-2.6304424
71	2342	-2.685667489960755	2.4192512
72	2342	-2.681866218064589	2.0738537
73	2342	-2.6678290701764436	-0.352993
74	2342	-2.664823921968542	-2.2665386
75	2342	-2.655948455136181	2.3593295
76	2342	-2.6523002839492964	0.011196613
77	2342	-2.6486389898444735	-2.6830268
78	2342	-2.644872712396143	-2.8329163
79	2342	-2.6344268697171493	-2.4609058
80	2342	-2.629265188661365	3.1359842
81	2342	-2.613771396882054	-2.9924805
82	2342	-2.6045809800191706	1.6835139
83	2342	-2.5995111593889555	-2.090066
84	2342	-2.5925691357995237	2.985307
85	2342	-2.5893540209046075	-2.3748775
86	2342	-2.5742757881933467	-0.72919106
87	2342	-2.569144727279419	-1.3882785
88	2342	-2.5631650510054724	-1.6225067
89	2342	-2.5588257394738303	-2.2732408
90	2342	-2.5544164390465163	-1.9040514
91	2342	-2.544622367958465	-1.964992
92	2342	-2.536980455412317	2.6886237
93	2342	-2.531530070161887	-1.9784853
94	2342	-2.5243343368256457	-1.645159
95	2342	-2.5163512284130984	-2.0259302
96	2342	-2.5129567669730233	-1.81075
97	2342	-2.5076813539617726	-1.4267815
98	2342	-2.503482020221474	-2.3805985
99	2342	-2.5014829623888524	3.1335042
100	2342	-2.49781729397805	1.5168087
101	2342	-2.4929530657288703	-2.5842476
102	2342	-2.4888280951902226	-3.1098218
103	2342	-2.4848824711967334	-1.9984397
104	2342	-2.479865142238272	-2.1805882
105	2342	-2.474493494495473	-2.2396886
106	2342	-2.4670659229423193	-1.2023056
107	2342	-2.4628359690601638	-1.823175
108	2342	-2.4555221294624765	0.19378424
109	2342	-2.4513665387819725	-2.7528858
110	2342	-2.4450981583133804	-2.8327973
111	2342	-2.4420798871875404	-2.7594118
112	2342	-2.432788861287129	-1.9572362
113	2342	-2.4197927982221	0.16359401
114	2342	-2.4128157801848324	-1.6830463
115	2342	-2.392680849761295	-2.7061164
116	2342	-2.3452764958616914	-0.8347888
117	2342	-2.3403641502467374	-2.885206
118	2342	-2.3352943296165227	0.80475354
119	2342	-2.330018916605272	-1.0835385
120	2342	-2.3246997605342266	-1.9186628
121	2342	-2.3222632721036573	-2.393628
122	2342	-2.3181470501769685	-1.3016562
123	2342	-2.312289854470447	-1.4579927
124	2342	-2.3038649411539724	-2.5225852
125	2342	-2.3019971125007355	2.9302742
126	2342	-2.292666717846509	-2.97949
127	2342	-2.2865295665573013	-1.7521486
128	2342	-2.282793909250827	-1.9414718
129	2342	-2.2794956825423003	-1.7918941
130	2342	-2.275248231436227	-1.8495811
131	2342	-2.271862518608111	-1.6757962
132	2342	-2.266403384745723	-1.8779824
133	2342	-2.2640762539646406	-2.1094365
134	2342	-2.257904108227597	-1.8847711
135	2342	-2.2504809109804227	-1.6524197
136	2342	-2.2190383995999343	-1.2142564
137	2342	-2.212691281623712	-0.7746103
138	2342	-2.2081682492409316	-2.3219595
139	2342	-2.2026697466247276	-2.5584936
140	2342	-2.1981073454881317	0.20266485
141	2342	-2.1927575692752304	-1.9252247
142	2342	-2.1857236852602293	-2.9967856
143	2342	-2.182079888379324	2.705901
144	2342	-2.1746129480723555	-2.7698593
145	2342	-2.1644689325059456	-1.8011508
146	2342	-2.1619055892019716	0.3158257
147	2342	-2.153318826564256	1.7720835
148	2342	-2.1469454627521567	2.2352698
149	2342	-2.1401084225062323	-1.8681203
150	2342	-2.127011750403675	-2.5440938
151	2342	-2.1233198361569956	2.3704236
152	2342	-2.1193392177156705	2.1878726
153	2342	-2.1063519032626004	-1.822497
154	2342	-2.1000485283461723	0.95165944
155	2342	-2.0948868472903888	-1.0812035
156	2342	-2.086956230549595	-1.7259567
157	2342	-2.073496491050741	-1.9643414
158	2342	-2.0699270573714865	-0.72513795
159	2342	-2.0690128274217754	-1.9200511
160	2342	-2.0648091193754974	1.09601
161	2342	-2.0599536397382767	2.433325
162	2342	-2.0543807739204216	-0.49318528
163	2342	-2.0488254053264843	-1.0491233
164	2342	-2.044831663967221	-1.0892198
165	2342	-2.0400155530838155	-1.9014517
166	2342	-2.035225688036287	-0.5807767
167	2342	-2.027246953929719	-0.8298404
168	2342	-2.026227740636501	1.028775
169	2342	-2.015309472911724	-2.7507126
170	2342	-2.008533672949512	-1.7855129
171	2342	-2.0043124676793163	-0.27852178
172	2342	-2.001740375763383	-1.8350906
173	2342	-1.9918019525780088	-1.5437523
174	2342	-1.9870295847543982	-1.1100969
175	2342	-1.9762644177389026	-1.0936017
176	2342	-1.9604469273171101	-0.45275712
177	2342	-1.9504253923181258	-1.2719581
178	2342	-1.928300152673926	-1.2750344
179	2342	-1.915479061848076	-1.1780704
180	2342	-1.9064898630602483	-2.140831
181	2342	-1.9039833857340074	-1.0774817
182	2342	-1.8917265803795098	-0.772439
183	2342	-1.8901430816149387	-2.3418555
184	2342	-1.8711148506042095	-3.0855527
185	2342	-1.865528861868416	-1.298266
186	2342	-1.8601615884315965	-0.83533454
187	2342	-1.8532895537378362	2.6953056
188	2342	-1.8501881707983863	-3.1038263
189	2342	-1.8456082724378728	-2.8526893
190	2342	-1.8363259951494204	-2.2160704
191	2342	-1.8300051230090746	-2.0955095
192	2342	-1.8269037400696249	-1.707571
193	2342	-1.8223238417091112	-1.7161913
194	2342	-1.8147956611184295	-1.6739413
195	2342	-1.8066419547726824	-0.8312876
196	2342	-1.802613218965583	-1.2069687
197	2342	-1.7949275633596402	-1.7011149
198	2342	-1.7892890829520929	0.1900096
199	2342	-1.7826707580051429	-2.3835993
200	2342	-1.7820189864142004	-2.358708
201	2342	-1.7784889214887616	2.7411335
202	2342	-1.766980122456755	-1.8728187
203	2342	-1.761884055990663	-1.742694
204	2342	-1.7599943558075284	-1.9610921
205	2342	-1.7560749776499163	-1.9711853
206	2342	-1.7506945812951582	-0.8043983
207	2342	-1.7490323450229566	0.38777733
208	2342	-1.7383546641270506	-2.412589
209	2342	-1.7373310765278527	-1.212594
210	2342	-1.7315657412469008	-2.239636
211	2342	-1.7243000190149878	-0.82883763
212	2342	-1.7202144172301552	-1.2875502
213	2342	-1.7151270993760224	-1.3951144
214	2342	-1.7081675785626724	-1.5605357
215	2342	-1.7069821416422342	-1.0803638
216	2342	-1.7039769934343325	-0.90600777
217	2342	-1.69687749482964	-0.4180603
218	2342	-1.6957926669467291	-0.5138724
219	2342	-1.694143553592466	-1.9263426
220	2342	-1.680893780780627	-1.5176227
221	2342	-1.6778973811846845	-1.6938002
222	2342	-1.6719658222765124	-1.2482669
223	2342	-1.652417048854225	-0.625849
224	2342	-1.650632332014598	-1.2013807
225	2342	-1.6492587999370418	0.24509811
226	2342	-1.6463105177068735	-1.0611053
227	2342	-1.644880119651584	-0.83507013
228	2342	-1.6367657820596524	-0.16188192
229	2342	-1.6337081421799973	-0.92248845
230	2342	-1.6300774682170307	-1.0318484
231	2342	-1.6268098616503606	-0.6343305
232	2342	-1.6230435842020297	-1.3698432
233	2342	-1.6185949150209005	-1.4544654
234	2342	-1.6155285265292865	-0.5318694
235	2342	-1.6099775322413288	-1.9347503
236	2342	-1.6077378875798363	-2.4851723
237	2342	-1.6055026172243227	-2.0624766
238	2342	-1.6032673468688095	-1.7248015
239	2342	-1.6010320765132962	-2.553422
240	2342	-1.596172222570096	-1.3739892
241	2342	-1.593866963318911	-1.3703794
242	2342	-1.5875767113204218	-0.70148134
243	2342	-1.5808227828881078	-3.1086614
244	2342	-1.5782681881960925	-1.8423169
245	2342	-1.5732858536854668	0.7078514
246	2342	-1.5686403407352614	-0.10403466
247	2342	-1.5647690799434233	-0.9420805
248	2342	-1.5498920653072186	-1.1634661
249	2342	-1.5373946731238495	-1.3479445
250	2342	-1.532674796971993	-2.0810776
251	2342	-1.5241973919837644	-2.0847008
252	2342	-1.5235849891466373	0.26854897
253	2342	-1.512535492242476	-1.0165138
254	2342	-1.4987957971609354	0.93868804
255	2342	-1.4932316799550394	-2.6941004
256	2342	-1.4919106395492368	-1.9312991
257	2342	-1.487383232860477	-1.1933914
258	2342	-1.485926588969311	-2.3197732
259	2342	-1.4824708872455234	-0.967078
260	2342	-1.4784377771324444	-1.3336492
261	2342	-1.4725893300378823	-0.73729634
262	2342	-1.4618110401044484	1.926336
263	2342	-1.44998291673594	-1.6306157
264	2342	-1.4490555638682905	-1.0348182
265	2342	-1.446754678923085	-1.2707897
266	2342	-1.4403725664990266	-1.1101704
267	2342	-1.4321444969516284	-0.107278824
268	2342	-1.4307972107099491	-0.5761931
269	2342	-1.4266853630892395	-1.1430625
270	2342	-1.4219829841613008	-1.5727032
271	2342	-1.4148922341685668	-0.825618
272	2342	-1.405539967984443	-0.91947675
273	2342	-1.4002470577492743	-1.5811901
274	2342	-1.389289421270682	-2.2206862
275	2342	-1.3882352135296276	-2.036516
276	2342	-1.386096177905663	-2.232442
277	2342	-1.3850419701646088	-1.18846
278	2342	-1.3841671089687129	-1.2341377
279	2342	-1.3809388711558583	-1.5962516
280	2342	-1.3772557055211379	-1.0363398
281	2342	-1.367942808090829	-0.9535408
282	2342	-1.3655850571678905	-1.0854099
283	2342	-1.3567664563132624	-2.6343617
284	2342	-1.346832407433868	-1.343738
285	2342	-1.3387924330435872	-2.197356
286	2342	-1.3261375658449572	-1.7202555
287	2342	-1.3217545112535203	-1.2912312
288	2342	-1.317769518506216	-1.4962773
289	2342	-1.316829042720628	-1.0163612
290	2342	-1.310818746304825	-3.0744748
291	2342	-1.3097514156458325	0.10349941
292	2342	-1.308364760650338	0.020230532
293	2342	-1.3059370208317278	-0.028769016
294	2342	-1.2887853670861944	0.6390517
295	2342	-1.2832168755743185	0.47907352
296	2342	-1.2802554704262121	-0.0016350746
297	2342	-1.2757499352673496	-1.8842639
298	2342	-1.2718961716994295	1.3031852
299	2342	-1.2632875375318167	0.077397585
300	2342	-1.260728568533822	0.06880212
301	2342	-1.258576409991919	-1.6198843
302	2342	-1.2488479534935597	-0.36182237
303	2342	-1.2403924200352288	-0.81181407
304	2342	-1.2369804613712356	-0.4540503
305	2342	-1.2345745930825227	-1.5742335
306	2342	-1.2323305741150508	-0.43447113
307	2342	-1.2298022252589123	-0.25290084
308	2342	-1.2240893816497138	-0.18633223
309	2342	-1.2175672914343123	-0.22236872
310	2342	-1.1945846878181345	2.2997549
311	2342	-1.1908052874518655	-1.5191106
312	2342	-1.1445076329650699	-0.16557097
313	2342	-1.1403651652025042	-0.5322509
314	2342	-1.1335893652402924	-0.22088885
315	2342	-1.1266167215090044	0.08191538
316	2342	-1.1235590816293493	-0.05333996
317	2342	-1.1100381018467829	-1.5119998
318	2342	-1.095620389338423	2.5659282
319	2342	-1.0918541118900924	1.4466059
320	2342	-1.087676649679691	-0.72619295
321	2342	-1.0840416014107448	-0.7279053
322	2342	-1.07980727322261	0.117263794
323	2342	-1.0762990798270686	0.128335
324	2342	-1.0705031244042602	-0.28102136
325	2342	-1.0690071117592788	-0.23734426
326	2342	-1.0652277113930095	0.5949452
327	2342	-1.0647071689814518	-0.6958351
328	2342	-1.052502855298708	0.38499928
329	2342	-1.0459545192474295	0.28027177
330	2342	-1.0334133840042656	0.57629323
331	2342	-1.0290084578829317	-1.7561066
332	2342	-1.0288422342557113	-0.07809663
333	2342	-1.0257321027043025	-0.69977784
334	2342	-1.0205266785887233	-1.1283553
335	2342	-1.0137290070966145	-2.3070028
336	2342	-1.009800880327043	-1.5703359
337	2342	-1.0035193769405129	-2.168497
338	2342	-0.99901821608763	-1.5090178
339	2342	-0.9959736991259129	-0.22777605
340	2342	-0.9908382639060056	1.2001455
341	2342	-0.9844605257879269	-0.0062503815
342	2342	-0.9838087541969847	1.2284071
343	2342	-0.9821246463948858	0.21149945
344	2342	-0.9758431430083552	-0.1311059
345	2342	-0.9709657918412371	0.21248317
346	2342	-0.9658041107854531	-1.1981775
347	2342	-0.9460453706761509	-0.9131961
348	2342	-0.9360063384532484	-0.7031443
349	2342	-0.9294842482378471	-0.8098264
350	2342	-0.9222010287820162	-0.62154365
351	2342	-0.9187453270582284	1.4112337
352	2342	-0.9172668116371647	-0.6264539
353	2342	-0.9162213525080696	-0.49614024
354	2342	-0.9136273890622388	-0.25764704
355	2342	-0.905810504276912	0.44421697
356	2342	-0.9043932291395604	0.020924568
357	2342	-0.9008894100499987	-0.60813904
358	2342	-0.8721983371306021	-0.18233752
359	2342	-0.8663411414240811	-0.48430085
360	2342	-0.8635197140673179	-0.26914668
361	2342	-0.8611444659204612	-0.49835873
362	2342	-0.857089484277485	-0.30420423
363	2342	-0.8535025533743132	-0.26615
364	2342	-0.8507861093610574	-0.66776633
365	2342	-0.8476453576677918	-0.9479718
366	2342	-0.8465517811729226	-0.4684384
367	2342	-0.8416306869460097	-0.11942673
368	2342	-0.8328645777631358	-0.1443572
369	2342	-0.8287527301424267	-0.027935505
370	2342	-0.8263599847716518	0.014374733
371	2342	-0.82201629893403	-0.25817776
372	2342	-0.8195098216077894	0.079078436
373	2342	-0.8157391698534795	-0.14180326
374	2342	-0.8120603785247384	0.16144586
375	2342	-0.810083192222014	0.32580018
376	2342	-0.807257390559271	0.35935736
377	2342	-0.8007003058960338	0.28828597
378	2342	-0.7958229547289157	-0.11424255
379	2342	-0.7916061237646987	0.8861096
380	2342	-0.7891040207444373	-0.33726954
381	2342	-0.773811447040182	0.26551485
382	2342	-0.7671362561154984	0.11719298
383	2342	-0.7619308319999196	0.397578
384	2342	-0.7607016520196863	0.5119574
385	2342	-0.7585276219478856	0.41305137
386	2342	-0.755986150173809	0.11091828
387	2342	-0.7502995524004876	0.09283447
388	2342	-0.7468176048408233	0.7084093
389	2342	-0.7366604663564753	-0.320179
390	2342	-0.7320237020182283	0.12734985
391	2342	-0.7270019987537877	-0.42752457
392	2342	-0.7235856657838151	-1.0347598
393	2342	-0.722002167019244	-0.050084114
394	2342	-0.7181965208170982	-0.66411304
395	2342	-0.7175622464500737	0.020965815
396	2342	-0.7080612538626476	-0.9894085
397	2342	-0.69999503363649	-0.49009347
398	2342	-0.6769861841844356	0.13449597
399	2342	-0.6765312563625696	0.4051311
400	2342	-0.6726337497348549	0.41547132
401	2342	-0.6639638752835291	0.6828599
402	2342	-0.6632727349387717	1.8330867
403	2342	-0.6611730680686225	2.2915947
404	2342	-0.6587409539440325	2.1887047
405	2342	-0.6542747875389856	2.1566904
406	2342	-0.6414099536533406	1.4169958
407	2342	-0.6353340426478455	0.8913543
408	2342	-0.6282039239012964	0.43995976
409	2342	-0.6199933515778162	0.67706776
410	2342	-0.6172331645047651	0.46437573
411	2342	-0.6111397562753522	0.87954116
412	2342	-0.6093375422118075	1.0714638
413	2342	-0.6060743099511168	1.2694881
414	2342	-0.6034278548335328	1.1892197
415	2342	-0.6004358295435699	0.81608105
416	2342	-0.5995653426536536	0.48186874
417	2342	-0.598712352987655	0.7088423
418	2342	-0.5955234839286159	0.26959467
419	2342	-0.5927676711615448	0.25428057
420	2342	-0.5885508401973278	0.29616284
421	2342	-0.5861755920504712	0.4212196
422	2342	-0.5838003439036146	-0.06595969
423	2342	-0.5802002900825043	0.3276744
424	2342	-0.5639497433687435	0.5344069
425	2342	-0.5476204591473515	0.2542789
426	2342	-0.5460807034425752	0.17534018
427	2342	-0.5440860199159334	0.27751637
428	2342	-0.5413870731265953	0.19742036
429	2342	-0.5313349179857552	0.6071451
430	2342	-0.5197823758939535	1.492192
431	2342	-0.5190343695714628	0.91044164
432	2342	-0.512678502983281	1.6052454
433	2342	-0.508137973376583	2.7845967
434	2342	-0.500041133008569	0.08295131
435	2342	-0.4943545352352472	1.2164042
436	2342	-0.48855420550645956	2.70842
437	2342	-0.4821633444704423	0.15227604
438	2342	-0.47949501782296045	0.5945544
439	2342	-0.4792019393223357	0.65585876
440	2342	-0.47650299253299755	0.069638014
441	2342	-0.47260986021126206	-0.060797453
442	2342	-0.4682486771497225	-0.724298
443	2342	-0.45420715495559794	-0.06400323
444	2342	-0.4343521801147472	-0.5674894
445	2342	-0.41867904179027704	0.9309404
446	2342	-0.40517993353760806	0.73805904
447	2342	-0.4001057386014133	1.0105126
448	2342	-0.39713995914732747	0.8659055
449	2342	-0.3954952200990438	0.8373921
450	2342	-0.3942879116487079	0.95684314
451	2342	-0.3906353661558435	1.9762971
452	2342	-0.38786205616485425	1.5564754
453	2342	-0.38497063991241953	1.9880168
454	2342	-0.37994456234199925	0.56479216
455	2342	-0.3714409115178938	0.7797978
456	2342	-0.3654131178781732	0.80545497
457	2342	-0.36054014101703435	1.4761379
458	2342	-0.35893039641658664	-2.1176972
459	2342	-0.3502955164130972	1.3385131
460	2342	-0.3494906441128731	0.9199555
461	2342	-0.34661672508435615	1.1047833
462	2342	-0.34437270611688353	0.8215556
463	2342	-0.3422336704929192	0.83687234
464	2342	-0.33314386266756335	0.35351634
465	2342	-0.329745026921509	0.9045975
466	2342	-0.32405405484220795	1.6035106
467	2342	-0.32331917143765576	0.706836
468	2342	-0.31899298282395216	1.2858145
469	2342	-0.31276834541515486	0.8143046
470	2342	-0.30872211238413794	0.8012638
471	2342	-0.3043653036285776	1.2230275
472	2342	-0.29888429823629137	0.85657835
473	2342	-0.2913823634814867	0.123217106
474	2342	-0.2895145348282493	0.34647894
475	2342	-0.28678059359107566	0.03864336
476	2342	-0.2805996992420732	1.951514
477	2342	-0.27731022114550585	0.8376906
478	2342	-0.27412135208646626	1.0320375
479	2342	-0.2710943323486674	-0.036957026
480	2342	-0.26809355844674565	-0.2772956
481	2342	-0.2674855299155978	0.48103714
482	2342	-0.2642004261250097	0.34444642
483	2342	-0.25645790454133355	-0.04659295
484	2342	-0.25316405213878657	0.78273916
485	2342	-0.25019827268470074	1.4427388
486	2342	-0.2475693147910345	0.77887225
487	2342	-0.2463926264825549	0.47621822
488	2342	-0.24247324832494277	1.562496
489	2342	-0.23744717075452249	1.788924
490	2342	-0.2343632850389903	0.68477035
491	2342	-0.23210614315357958	1.3348129
492	2342	-0.22631893634273004	1.730243
493	2342	-0.22185714424366232	1.7524016
494	2342	-0.21623616106003318	0.46272945
495	2342	-0.21442957269050877	0.6373875
496	2342	-0.20546661973855818	1.5434582
497	2342	-0.20103107347536708	0.7713754
498	2342	-0.19650366678660758	0.75163746
499	2342	-0.1921074892772321	0.5296533
500	2342	-0.18903235217365966	0.4035995
501	2342	-0.1849380017768678	0.7371478
502	2342	-0.18201596538257636	0.62712026
503	2342	-0.17814470459073828	0.8227339
504	2342	-0.1719638102417358	1.2517779
505	2342	-0.16375323791825558	1.377012
506	2342	-0.14397262627905594	0.93145156
507	2342	-0.13071847916123724	2.2099311
508	2342	-0.1126482211600135	0.06822276
509	2342	-0.10900442427910795	0.1887567
510	2342	-0.10578056077223286	0.07140541
511	2342	-0.10524689544273658	0.4236219
512	2342	-0.09879041981702708	0.8931005
513	2342	-0.09775808360587002	0.78379655
514	2342	-0.09067608222509538	1.4716995
515	2342	-0.08915819805021652	1.4133394
516	2342	-0.08517320530291173	1.2990167
517	2342	-0.08036146872548589	1.2179959
518	2342	-0.07544474880455265	1.4146569
519	2342	-0.0675272549816972	1.4681785
520	2342	-0.0656856721643373	1.3863876
521	2342	-0.05656086989114595	1.1125548
522	2342	-0.04888833720314123	1.1198075
523	2342	-0.04401098603602316	0.65242743
524	2342	-0.0403671891551185	0.49379206
525	2342	-0.03598850886966121	1.0712693
526	2342	-0.030520626395313055	-0.40072083
527	2342	-0.0261025773560406	1.4829652
528	2342	-0.02357860280588131	-3.047899
529	2342	-0.02148768454769101	1.1506431
530	2342	-0.017318970949248502	1.009917
531	2342	-0.011991066266244577	0.3608036
532	2342	-0.005989518462400589	0.22810125
533	2342	-0.000989686727856931	1.6606472
534	2342	-0.000495390152176256	1.8412669
535	2342	0.003612083162553681	1.9965751
536	2342	0.006529745250865471	1.3129365
537	2342	0.011708923530567628	1.2271211
538	2342	0.014994027321155734	2.1272962
539	2342	0.026428463151511483	1.1259925
540	2342	0.02919739883652106	1.265342
541	2342	0.03966073873943232	1.3259346
542	2342	0.04123986319802464	1.4320433
543	2342	0.05714483973940654	-0.30561423
544	2342	0.0595463337221398	1.6472971
545	2342	0.06267833680344603	1.0098093
546	2342	0.06514981968185118	0.11040616
547	2342	0.06629151354249485	1.7099144
548	2342	0.06961598608689856	1.453583
549	2342	0.07458519767958505	1.2638509
550	2342	0.0799087280566102	1.3361027
551	2342	0.08549034248642418	-0.3600335
552	2342	0.08604587934581787	-0.29237103
553	2342	0.0882767753953515	0.8929193
554	2342	0.09060828048241332	0.9248717
555	2342	0.09226614244863551	0.8090589
556	2342	0.09753280684792687	0.63767505
557	2342	0.09954498759848729	1.3066113
558	2342	0.1025457615004095	1.1377904
559	2342	0.1071256598609227	1.1685641
560	2342	0.10805738703455114	1.0875385
561	2342	0.11517875716914139	1.4886453
562	2342	0.12499032548111089	0.8199568
563	2342	0.12598329293845234	1.317436
564	2342	0.13048445379133566	1.4126165
565	2342	0.13460942432998335	1.3849504
566	2342	0.1371027787382859	0.6988723
567	2342	0.14427226623864975	1.140672
568	2342	0.15219850867346407	2.037999
569	2342	0.1548843325448641	2.3738735
570	2342	0.1575439105803862	0.9635494
571	2342	0.15845814053009777	1.805239
572	2342	0.16484025295415616	1.1657312
573	2342	0.167578568497309	1.7585242
574	2342	0.17078056047428714	1.9083359
575	2342	0.17410940732467006	1.740421
576	2342	0.1781600146616662	1.9629047
577	2342	0.18807219201116387	1.8030655
578	2342	0.19420496899439232	1.1450331
579	2342	0.20107700368815218	1.8056953
580	2342	0.205324454794225	1.5056808
581	2342	0.21455424041092375	1.4739616
582	2342	0.21755501431284596	1.3738725
583	2342	0.21951470339165224	0.7419238
584	2342	0.22293541066760358	1.4949324
585	2342	0.22671481103387325	1.9483912
586	2342	0.2302667474892095	2.8044665
587	2342	0.23211707891852829	2.0392601
588	2342	0.2350478639247786	-2.9674585
589	2342	0.23658324532357522	0.73070216
590	2342	0.23910721987373407	1.686588
591	2342	0.24414204605611323	2.0058825
592	2342	0.2470903282862813	0.41441798
593	2342	0.24837637424424797	1.3885591
594	2342	0.2514121425940057	1.7388914
595	2342	0.2578773668316745	1.7151811
596	2342	0.2675489573523002	1.6464212
597	2342	0.27583826718341165	1.5768139
598	2342	0.28460000206030633	2.2630985
599	2342	0.28884307886039995	2.0982726
600	2342	0.2965156115484042	1.0137827
601	2342	0.3026790086734885	1.4350669
602	2342	0.3117906880287413	1.1693699
603	2342	0.3195550811423149	1.7240674
604	2342	0.3232338724710564	1.6930635
605	2342	0.3271095075688737	1.7858822
606	2342	0.33061332665843546	1.4048021
607	2342	0.3321924511170269	1.7271793
608	2342	0.3419165333094072	1.7772005
609	2342	0.34926099304895075	-1.042319
610	2342	0.35345157817729067	-0.70413256
611	2342	0.3576202917757332	-2.0940108
612	2342	0.3614696810376734	-0.35426283
613	2342	0.3687266546576278	1.7130325
614	2342	0.3728428765843166	1.6097848
615	2342	0.37566430394107986	-2.9404247
616	2342	0.3761892206586177	1.9098041
617	2342	0.3807035044294387	2.6770337
618	2342	0.3839623623841497	2.3261306
619	2342	0.3950687252660443	1.9483335
620	2342	0.3972908727036195	2.1261652
621	2342	0.40069845706163276	2.2500236
622	2342	0.4062363284316519	2.0659273
623	2342	0.40762735773312553	1.9353783
624	2342	0.4157898126908317	1.9256403
625	2342	0.41641971275187695	1.6281621
626	2342	0.421800109106635	0.68272305
627	2342	0.4265024880345738	-2.0803764
628	2342	0.42971760292949	1.5288713
629	2342	0.4340306686252555	2.1623886
630	2342	0.44528575791045233	2.4058287
631	2342	0.44647994344285014	1.363219
632	2342	0.453124514225677	2.1226761
633	2342	0.4575556861828889	2.0472553
634	2342	0.4603858621516106	1.9414542
635	2342	0.4625948866712468	1.9929726
636	2342	0.4713128784883467	2.0404499
637	2342	0.4866579438643557	2.0501435
638	2342	0.4907610428731064	1.9289291
639	2342	0.4944660800377241	1.976793
640	2342	0.49662261288560705	2.0519888
641	2342	0.503210317690701	2.5746987
642	2342	0.511149683043453	1.9789917
643	2342	0.5151215528728192	2.1494281
644	2342	0.5199551609801429	1.9443176
645	2342	0.5265953574569906	2.0777214
646	2342	0.5341716554134464	1.187237
647	2342	0.5372424182110396	1.9676926
648	2342	0.5428021611109566	1.6127932
649	2342	0.5474651712850802	1.7656691
650	2342	0.5524912488555005	1.7219179
651	2342	0.558230338300576	1.8924024
652	2342	0.561572308068897	2.132397
653	2342	0.5687767900170972	2.215278
654	2342	0.5759681490473589	1.5111802
655	2342	0.5782646596865852	1.9362266
656	2342	0.579791292473423	1.7684772
657	2342	0.5831770053015388	2.2454846
658	2342	0.5936490938164094	2.2009442
659	2342	0.5960768336350197	0.6620028
660	2342	0.607607504196924	2.306547
661	2342	0.6131147554250869	2.2240798
662	2342	0.6165835800668131	1.3816855
663	2342	0.6298027327367954	-1.7700467
664	2342	0.6439492382744274	1.3149941
665	2342	0.647496800423784	0.9829123
666	2342	0.6520592015603794	1.3480542
667	2342	0.6560573172256228	2.395589
668	2342	0.657570827094522	1.4363616
669	2342	0.6604447461230394	1.4080837
670	2342	0.662089485171323	0.8915155
671	2342	0.6633536595993919	0.27382302
672	2342	0.6648452979383941	1.6481965
673	2342	0.6667524953454467	0.5638428
674	2342	0.6677367141908293	1.1824296
675	2342	0.6732964570907463	0.08556414
676	2342	0.6761353816714268	1.7996147
677	2342	0.6803740841655412	1.7761142
678	2342	0.6838691546431441	1.7771375
679	2342	0.6882828293764378	2.4157193
680	2342	0.6889127294374822	1.9966424
681	2342	0.691161122710934	2.0236857
682	2342	0.6936063597534621	1.4060256
683	2342	0.7006927354402168	2.1392515
684	2342	0.702350597406439	0.10037327
685	2342	0.7047389684712342	1.7342412
686	2342	0.7091920119583426	1.9497344
687	2342	0.7123108921217103	1.2736275
688	2342	0.721864376380891	1.9097478
689	2342	0.7254338100601441	2.1589305
690	2342	0.7287232881567123	1.9563048
691	2342	0.7308010834969645	1.6677635
692	2342	0.7323058447539048	1.7777898
693	2342	0.733150085807944	-3.072885
694	2342	0.7342699081386903	1.2626741
695	2342	0.7355122110368622	1.1709287
696	2342	0.7361246138739888	1.9092586
697	2342	0.7370213465997821	1.3496611
698	2342	0.7401883441289243	1.5250943
699	2342	0.7534993572244755	1.3127863
700	2342	0.7559883373267988	1.539017
701	2342	0.7568325783808381	1.168709
702	2342	0.7622654664073498	2.4894426
703	2342	0.7662898279084693	1.4516709
704	2342	0.7739754835144126	0.9628699
705	2342	0.7784985158971929	1.0650613
706	2342	0.7840888789389657	2.4803445
707	2342	0.7855236513002346	1.8933818
708	2342	0.789281180136606	1.9250085
709	2342	0.7954620744856085	2.1255858
710	2342	0.8008862139001618	2.085429
711	2342	0.8035764120775402	2.0204256
712	2342	0.8141009922641644	2.4804676
713	2342	0.8187115107665344	2.4962227
714	2342	0.8243106224202661	2.3099048
715	2342	0.8280768998685968	2.4972708
716	2342	0.8318125571750712	2.648546
717	2342	0.8379497084642789	2.4213235
718	2342	0.842529606824792	1.5072691
719	2342	0.8461427835638413	2.0081694
720	2342	0.8480412323589346	2.2471569
721	2342	0.8515931688142708	2.1760256
722	2342	0.8568992019673778	2.2584822
723	2342	0.8575903423121352	2.2425406
724	2342	0.8583252257166878	2.4873722
725	2342	0.8646854666108483	2.6768577
726	2342	0.8700746115775662	2.955508
727	2342	0.8710938248707842	2.7203043
728	2342	0.878442658916307	1.9641135
729	2342	0.8788844638202349	1.037627
730	2342	0.8852097102665599	1.9936092
731	2342	0.8865963652620543	1.5832584
732	2342	0.8876855674509443	1.9720199
733	2342	0.8912418782122602	1.8777177
734	2342	0.8970990739187812	2.4360201
735	2342	0.9053490149960766	0.55346346
736	2342	0.9111887134786798	0.5635061
737	2342	0.918117614150173	2.1618588
738	2342	0.9207640692677579	2.703757
739	2342	0.9219495061881959	2.579549
740	2342	0.9240447987523659	2.6444232
741	2342	0.9305975091096235	2.894739
742	2342	0.9320585273067703	2.4880946
743	2342	0.9339307302659865	2.6998727
744	2342	0.9444203160047744	2.7328837
745	2342	0.9466687092782262	1.7734072
746	2342	0.9469486648609129	2.1249788
747	2342	0.9513623395942057	1.8786433
748	2342	0.9545949517130401	2.259391
749	2342	0.9608720807935915	2.8141248
750	2342	0.9665543042609333	1.8471715
751	2342	0.9853506970547503	-2.9990754
752	2342	0.990577992700227	2.8304312
753	2342	0.9921133740990236	2.0027301
754	2342	0.999357224801039	1.8306186
755	2342	1.0018943222691368	2.4863985
756	2342	1.0042564474980544	2.1977017
757	2342	1.007471562392971	2.5270193
758	2342	1.0226810242836164	2.8124545
759	2342	1.0393864988192432	2.3512843
760	2342	1.0447712694799804	2.0175874
761	2342	1.052977467497482	2.606372
762	2342	1.056809359535504	2.3722255
763	2342	1.0573080304171647	2.345075
764	2342	1.0610480620296183	2.9914062
765	2342	1.069871037190226	1.8895032
766	2342	1.0935360325392018	2.794144
767	2342	1.0983565177285861	2.1548703
768	2342	1.1019696944676358	2.4789698
769	2342	1.1058015865056587	1.9290874
770	2342	1.1070920067696042	2.568155
771	2342	1.1112607203680467	2.568436
772	2342	1.119633142012768	2.0057151
773	2342	1.1236837493497651	1.9419758
774	2342	1.1284386199494572	-2.9073236
775	2342	1.1331278759594579	3.0119278
776	2342	1.137327209699757	1.6933758
777	2342	1.17442569871171	2.0141437
778	2342	1.1757161189756555	1.7603972
779	2342	1.1790668373559363	3.0599277
780	2342	1.1872599124554988	2.7741802
781	2342	1.200706529036414	2.4324877
782	2342	1.2024037597564519	2.7697423
783	2342	1.2054526510241477	2.297887
784	2342	1.2062662719363306	2.3752778
785	2342	1.2078585193128601	2.371197
786	2342	1.2107105668114801	2.8866298
787	2342	1.2142362574309402	2.852513
788	2342	1.2180637751629826	-3.053161
789	2342	1.2241659320043548	-2.9383516
790	2342	1.2334482092928072	2.7142022
791	2342	1.2424155365507374	2.1596224
792	2342	1.243911549195718	2.6365287
793	2342	1.2513916124206261	2.0194113
794	2342	1.255555951713089	1.7905157
795	2342	1.2634821941479037	2.6136806
796	2342	1.2685257689422418	2.552904
797	2342	1.2704198434313554	2.5633729
798	2342	1.2768282016912904	2.6350763
799	2342	1.2779655212459549	2.9624374
800	2342	1.2861192275917022	2.674031
801	2342	1.2905897683027288	2.8159978
802	2342	1.3008300186006876	2.633878
803	2342	1.3073783546519655	2.7144167
804	2342	1.319525802356976	1.8107913
805	2342	1.325146785540606	2.907602
806	2342	1.326017272430522	2.1193378
807	2342	1.3268527648726014	2.6043255
808	2342	1.3353651643086657	-2.6107254
809	2342	1.3498134969588822	1.2146499
810	2342	1.3510339283271566	-1.3586699
811	2342	1.3523155999791436	2.9316494
812	2342	1.3607405132956183	-0.3961897
813	2342	1.3628270572478298	-2.681744
814	2342	1.3690167002087907	2.947571
815	2342	1.3697384606954044	2.469114
816	2342	1.3764792662097811	2.7416646
817	2342	1.3772753898980454	2.7394173
818	2342	1.3831719543583816	-3.1138692
819	2342	1.3904333022843156	3.1013896
820	2342	1.39391524984398	2.9708307
821	2342	1.3999911608494742	1.480418
822	2342	1.405323439838459	0.937752
823	2342	1.4101001819680485	2.3456562
824	2342	1.4174577646255306	2.6010735
825	2342	1.4227331776367809	2.9254963
826	2342	1.4234024464516413	0.57075334
827	2342	1.4426318955374269	2.0434864
828	2342	1.4455276860958417	2.6239054
829	2342	1.4482616273330153	-2.9850767
830	2342	1.4537951243970548	2.6660464
831	2342	1.4557679363937996	2.9903657
832	2342	1.4645515428005913	-1.8043331
833	2342	1.4672373666719913	-1.4574775
834	2342	1.4758897438993985	-1.5251135
835	2342	1.4807014804768244	-1.8859658
836	2342	1.4845902384925802	-2.3016958
837	2342	1.4918734579484116	-3.0554469
838	2342	1.492752693450286	-1.7320042
839	2342	1.494804242954662	2.575609
840	2342	1.499738460099513	0.9071872
841	2342	1.5028179715090655	1.7268584
842	2342	1.5039771625936273	1.8466899
843	2342	1.5068817017640006	2.3928869
844	2342	1.5163651971275085	2.0314205
845	2342	1.5228260470591977	2.4539163
846	2342	1.5273359565240403	3.0041978
847	2342	1.529877428298117	2.5585253
848	2342	1.5364388872673338	2.624634
849	2342	1.546578528527764	-2.74419
850	2342	1.5526719367571769	-2.3955672
851	2342	1.5552527772850686	3.0847547
852	2342	1.5590584234872145	2.8941128
853	2342	1.5665822297719174	2.8832548
854	2342	1.5719451289027573	2.1539037
855	2342	1.5749896458644734	2.9671223
856	2342	1.576166334172954	-2.7447884
857	2342	1.5866034282399877	3.0555255
858	2342	1.5925437357601195	3.0759366
859	2342	1.597582936248478	-2.740896
860	2342	1.6094285568409044	-3.082857
861	2342	1.6103821555444302	-2.910978
862	2342	1.6110426757473322	3.0480196
863	2342	1.6148964393152525	2.843415
864	2342	1.6164930609977617	2.8795736
865	2342	1.6199793828634057	-3.0232968
866	2342	1.6248611083365025	-2.5384724
867	2342	1.6295328671225855	-2.1983128
868	2342	1.635201967671989	-1.9726819
869	2342	1.6420871252836875	-3.020084
870	2342	1.6439199594890885	-1.8233578
871	2342	1.6463345763897603	-2.4631486
872	2342	1.6510894469894533	-1.8264153
873	2342	1.6546020146909743	-1.9144695
874	2342	1.6581408282283716	-1.9333026
875	2342	1.6631581571868335	-2.5078115
876	2342	1.6688535035721133	2.400997
877	2342	1.676959092552087	-2.3590465
878	2342	1.6804497887237098	2.5230205
879	2342	1.681136554762488	2.9155123
880	2342	1.686263241370436	2.0331862
881	2342	1.6867094205803435	-2.9477305
882	2342	1.6961316756601388	1.8380082
883	2342	1.6982488397542062	2.3073075
884	2342	1.6988656168973124	3.0218017
885	2342	1.7014420831192254	-2.9126043
886	2342	1.7092283477626955	2.8014343
887	2342	1.728925847588286	2.7162678
888	2342	1.7308505422192555	-2.5816705
889	2342	1.7349448926160473	-3.0585408
890	2342	1.7383918457278762	-3.1209204
891	2342	1.742997989924266	-2.4076924
892	2342	1.7492226273330642	-1.9356984
893	2342	1.7502680864621594	-3.0300539
894	2342	1.7530938881249023	2.7858088
895	2342	1.7534000895434652	2.874459
896	2342	1.7557797119963015	-2.9946146
897	2342	1.7631416689597632	1.5740006
898	2342	1.763697205819157	-2.5652688
899	2342	1.7664836387280847	-2.6464667
900	2342	1.776387067465623	-2.1708808
901	2342	1.7818768214698677	0.6720686
902	2342	1.7827910514195784	-2.0502877
903	2342	1.7857787024035616	2.866048
904	2342	1.790472332719542	-2.8062892
905	2342	1.7943698393472571	-2.407274
906	2342	1.7988622515881811	-1.3723887
907	2342	1.8021561039907272	-1.7590615
908	2342	1.8052487383182187	-2.400529
909	2342	1.810152335321213	-2.6065633
910	2342	1.8147803510475011	-2.6196475
911	2342	1.8301385393414487	2.5438044
912	2342	1.8317570325538552	1.3049176
913	2342	1.8329249722503764	-2.6794462
914	2342	1.835523310002186	-2.989561
915	2342	1.8430558648988473	-2.8110328
916	2342	1.854083490273112	2.7841423
917	2342	1.8568742974880186	-2.399374
918	2342	1.8660822115748203	-2.9335902
919	2342	1.868995499357152	-2.7225175
920	2342	1.8767205237169104	-3.013348
921	2342	1.8813179193013418	-3.0119905
922	2342	1.884869855756678	-3.0272458
923	2342	1.887406953224775	-3.0219662
924	2342	1.891746264756418	-0.2956686
925	2342	1.899493160646073	-0.97537255
926	2342	1.902839504720374	-1.3937917
927	2342	1.9056871779130145	-1.17682
928	2342	1.9108838534166344	-1.1411088
929	2342	1.914623885029088	-0.22037482
930	2342	1.9209053884156182	-1.518136
931	2342	1.9238492963398066	-2.663456
932	2342	1.9395049374403595	-1.3170737
933	2342	1.9439842267633445	-0.68404627
934	2342	1.948813460564688	-1.2967416
935	2342	1.9569671669104354	-1.891634
936	2342	1.9634367654540839	-0.033148527
937	2342	1.9645259676429738	3.015672
938	2342	1.9713017676051852	-2.53293
939	2342	1.9767434042436562	2.2851999
940	2342	1.9775963939096535	-3.0049872
941	2342	1.9852820495155967	-2.666759
942	2342	1.9872373642884238	-2.6804144
943	2342	1.9913885806629477	-2.1937199
944	2342	1.9930595655471084	-2.003365
945	2342	2.0041090624512696	-1.8313154
946	2342	2.0083390163334256	-1.9414138
947	2342	2.0143099439954133	-1.9206525
948	2342	2.020543330016169	-2.010191
949	2342	2.0268642021565153	-2.0065556
950	2342	2.0331282083191278	-2.3729334
951	2342	2.036693267692402	-2.6470423
952	2342	2.039602181168755	-2.1569247
953	2342	2.0421174071069546	-1.9273572
954	2342	2.0438671294987465	-2.6444917
955	2342	2.0473796972002667	-2.1799524
956	2342	2.0510453656110696	-2.1816792
957	2342	2.064356378706621	-2.2863493
958	2342	2.071447128699355	-2.504803
959	2342	2.0735949129352793	-1.8820372
960	2342	2.0793514996042717	2.9807718
961	2342	2.082610357558983	2.54224
962	2342	2.0884500560415864	2.3147418
963	2342	2.092382557117137	2.9353979
964	2342	2.097964171546951	3.0182106
965	2342	2.102745287982521	-2.273727
966	2342	2.117106134513147	-2.076645
967	2342	2.1201331542509454	-2.4743373
968	2342	2.122937084383792	1.4125426
969	2342	2.125776008964473	2.3828585
970	2342	2.1361037453820204	-2.7289925
971	2342	2.137306679526377	-2.360354
972	2342	2.1400318721515914	-1.8194526
973	2342	2.1419303209466847	-2.0863266
974	2342	2.147175113816079	-2.3704267
975	2342	2.159921841440279	1.746629
976	2342	2.1656915510272103	0.7643213
977	2342	2.1669994685150735	-1.7534941
978	2342	2.169103509691203	-2.111566
979	2342	2.173180362864076	-2.1036239
980	2342	2.178910703697193	-1.8836209
981	2342	2.1837268145805977	-2.0175612
982	2342	2.1869638010054118	-1.836209
983	2342	2.1966835088918115	-2.689722
984	2342	2.2005154009298344	-2.168808
985	2342	2.203363074122475	-3.0341043
986	2342	2.2086559843576428	0.39488292
987	2342	2.210593801906552	-1.9057409
988	2342	2.2122954069325695	-2.3277807
989	2342	2.220326632710891	-2.5504394
990	2342	2.2302256871424495	-1.9375876
991	2342	2.2327496616926084	-2.0875206
992	2342	2.2370321072465176	-1.9844265
993	2342	2.241052094441657	-2.0516872
994	2342	2.2453257913836078	-1.229271
995	2342	2.246852424170446	-2.1597662
996	2342	2.2506930648204273	-1.5371933
997	2342	2.2662918399432463	-1.4965839
998	2342	2.27170285643986	-1.5344237
999	2342	2.273268857980513	-1.7144827
1000	2342	2.281151357355533	0.34447503
1001	2342	2.283176661024031	0.09038186
1002	2342	2.2853769369317085	0.2483561
1003	2342	2.289051353954471	-0.78574395
1004	2342	2.3030491330888	-2.3773606
1005	2342	2.304803229786571	-2.0420728
1006	2342	2.3086001273767573	-1.4541918
1007	2342	2.3124320194147803	-1.7711291
1008	2342	2.3176286949184	-1.7200507
1009	2342	2.322593532205108	-1.8364468
1010	2342	2.32760648685759	-1.9141499
1011	2342	2.3338048784305103	-2.7215626
1012	2342	2.3383804024850443	-1.9056308
1013	2342	2.348139479125259	-1.8637694
1014	2342	2.35568078263388	-2.2821846
1015	2342	2.3595870378735535	-2.2257593
1016	2342	2.3622597388270146	-2.529556
1017	2342	2.36850624776571	-2.0066185
1018	2342	2.3721106758927997	-2.1021647
1019	2342	2.3733835989328282	0.07194972
1020	2342	2.37688741802239	-0.08622742
1021	2342	2.377534815307352	-1.0911257
1022	2342	2.381987858794461	-0.81693697
1023	2342	2.385229219525254	-1.3388681
1024	2342	2.3892842011682305	-1.0817313
1025	2342	2.392683036914285	-1.052738
1026	2342	2.3972498123568604	-1.4100751
1027	2342	2.402962655966058	-1.3563627
1028	2342	2.4115669158276916	-1.4135509
1029	2342	2.4316887233332904	-1.7401567
1030	2342	2.4338233846512756	-1.814612
1031	2342	2.439055054602732	-1.5381434
1032	2342	2.4402842345829647	-1.8011022
1033	2342	2.4416927611083565	-1.6006972
1034	2342	2.45264164897499	-1.521833
1035	2342	2.4549119137783393	-1.6216741
1036	2342	2.4589887669512125	-1.7553468
1037	2342	2.4637392632449258	-0.56362295
1038	2342	2.466534444765813	-1.3647096
1039	2342	2.4767353263099547	-2.132132
1040	2342	2.4851733625443684	-1.7533782
1041	2342	2.4955579649396498	-1.6604667
1042	2342	2.4988124485883816	-1.7831279
1043	2342	2.504345945652421	-1.3578769
1044	2342	2.50997130314203	-1.1619709
1045	2342	2.513510116679427	-1.2112502
1046	2342	2.5172107795380665	-1.0101743
1047	2342	2.5190742338853234	-1.1043322
1048	2342	2.5225955501988038	-1.4089923
1049	2342	2.528352136867796	-1.4868494
1050	2342	2.5344630423211276	-1.7048553
1051	2342	2.544283359245055	-1.6407331
1052	2342	2.5483820839478257	-1.498444
1053	2342	2.5560852367776867	-1.7791098
1054	2342	2.560284570517986	3.034703
1055	2342	2.5621523991712234	-1.2827313
1056	2342	2.568910701909517	-1.0384283
1057	2342	2.5706254298534725	-1.7156196
1058	2342	2.5740986288011776	-1.8254126
1059	2342	2.5856074278331844	-1.6669976
1060	2342	2.594421654381833	-1.4308416
1061	2342	2.598826580503167	-2.8926244
1062	2342	2.6029690482657335	-1.5844983
1063	2342	2.6102041503557896	-2.4519248
1064	2342	2.618178510156378	-1.3933976
1065	2342	2.622255363329251	-0.7267182
1066	2342	2.6264109540097555	-0.9792931
1067	2342	2.63048343287665	-0.7722845
1068	2342	2.6309733551463514	-1.3815228
1069	2342	2.6364718577625554	-1.8524022
1070	2342	2.6429502049181623	-2.160965
1071	2342	2.6446430613322205	-2.5241826
1072	2342	2.6526611641926037	-2.5262346
1073	2342	2.658802689787791	-0.14864206
1074	2342	2.6808141974765247	-0.94010377
1075	2342	2.6818421593817012	-0.593508
1076	2342	2.69342094730938	-1.2877619
1077	2342	2.7077161792503137	0.3833747
1078	2342	2.7124754241559863	0.8519664
1079	2342	2.7170334509866017	-0.64817
1080	2342	2.723726139135204	-1.618492
1081	2342	2.725174034414411	-2.021463
1082	2342	2.7339707637391415	-2.3229437
1083	2342	2.7348062561812228	-2.2538476
1084	2342	2.7404316136708298	-1.6800078
1085	2342	2.7450815009270153	-1.8237076
1086	2342	2.7493333263390687	-0.9742842
1087	2342	2.755501097770132	-1.819457
1088	2342	2.7628149373678195	-0.5176959
1089	2342	2.7637072957876336	0.06868243
1090	2342	2.7707411798026342	1.2026069
1091	2342	2.773378886308259	-1.2814058
1092	2342	2.7752423406555167	-0.6657343
1093	2342	2.7796122723290146	-0.46707988
1094	2342	2.7884439961015817	0.5544722
1095	2342	2.790683640763075	-1.7503585
1096	2342	2.792258390915687	-1.259968
1097	2342	2.8021705682651836	-0.0076053143
1098	2342	2.804012151082544	-1.4667584
1099	2342	2.8065973659164145	-1.0355649
1100	2342	2.8115184601433283	-1.1848336
1101	2342	2.8266623074442814	-0.03140688
1102	2342	2.8275546658640955	-0.87307525
1103	2342	2.83865665444001	-1.2700044
1104	2342	2.8512765271908034	-1.2111193
1105	2342	2.8555196039908983	0.07946563
1106	2342	2.859823921074704	-0.5209429
1107	2342	2.8607250281064767	-0.8967078
1108	2342	2.8694342713116177	-0.76370335
1109	2342	2.881034930769193	-0.61292744
1110	2342	2.8896085704889707	-0.9932506
1111	2342	2.8932217472280195	-1.336548
1112	2342	2.8939216361847357	-1.379708
1113	2342	2.9013098389840737	-1.5955083
1114	2342	2.915456344521706	-0.65794945
1115	2342	2.9160556244408946	-0.8694329
1116	2342	2.921549752751119	-0.0802989
1117	2342	2.922197150036082	-1.6042063
1118	2342	2.9330891719249816	-1.3705252
1119	2342	2.933810932411596	-0.30677748
1120	2342	2.9404730004183417	2.1920521
1121	2342	2.94911225472781	-1.7247972
1122	2342	2.9649209965376437	-0.3238411
1123	2342	2.9695140178160964	-1.8187948
1124	2342	2.975117503775807	-1.1710544
1125	2342	2.9836386518238305	-0.6793754
1126	2342	2.9892727579253977	-1.7097867
1127	2342	2.9928815603584678	-1.0349681
1128	2342	2.9962322787387476	-1.7206073
1129	2342	2.999806086723982	-1.6194181
1130	2342	3.0040885322778896	-1.8958597
1131	2342	3.006923082552592	-2.1497746
1132	2342	3.0078198152783857	-1.7771244
1133	2342	3.0445333653641447	-0.5871439
1134	2342	3.045176388343127	-0.636919
1135	2342	3.055941555358623	3.0635378
1136	2342	3.061492549646581	-2.9222937
1137	2342	3.0658274868722435	0.22432351
1138	2342	3.069694373358103	-0.43547606
1139	2342	3.072970728536732	-0.104007006
1140	2342	3.0767413802910415	2.2444804
1141	2342	3.0817980780033185	0.5782285
1142	2342	3.0865004569312564	-1.9195812
1143	2342	3.0948378841281423	-1.8542113
1144	2342	3.0965744836019953	-0.317801
1145	2342	3.0986697761661643	2.263569
1146	2342	3.0993827880408187	2.5895312
1147	2342	3.100642588162909	-2.6051285
1148	2342	3.1035340044153443	-1.938917
1149	2342	3.118809080895682	-1.0237212
1150	2342	3.1280432408183607	-1.222909
1151	2342	3.1315645571318402	-1.5783572
1152	2342	3.1332442906279594	-2.6742811
1153	2342	3.1369099590387615	-0.9924762
1154	2342	3.1381916306907485	-0.46263552
1155	2342	3.125891082276456	-1.8385024
1156	2342	3.1187215947760913	-0.8317523
1157	2342	3.1158520500535545	-1.1678962
1158	2342	3.106473538033554	-0.3578577
1159	2342	3.101718667433861	-0.85507107
1160	2342	3.0994396540185525	-0.59014225
1161	2342	3.0911722157173402	-0.50229454
1162	2342	3.0893656273478154	-0.89687014
1163	2342	3.0871784743580752	-1.5415087
1164	2342	3.085253779727106	-0.7357178
1165	2342	3.0829528947819	-1.3343341
1166	2342	3.0789066617508833	-0.8292577
1167	2342	3.0767457545970203	-0.9807563
1168	2342	3.071689056884744	-1.1122658
1169	2342	3.0679227794364134	-1.0969441
1170	2342	3.0629360706198083	-1.3571151
1171	2342	3.061671896191739	-0.8085494
1172	2342	3.0607707891599674	-2.3231666
1173	2342	3.059699084194995	-1.5840608
1174	2342	3.0542530732505444	-1.9533484
1175	2342	2.9154782160516035	-0.91331863
1176	2342	2.9076525826543174	-0.88301706
1177	2342	2.901182984110669	0.41113663
1178	2342	2.8964981024066487	-0.9791155
1179	2342	2.885273633263308	-1.0115917
1180	2342	2.8701385345743136	-1.2848512
1181	2342	2.868808745556552	-0.8760512
1182	2342	2.860593798927092	3.1107519
1183	2342	2.8552177768783142	-1.5151869
1184	2342	2.852645684962381	-0.2247653
1185	2342	2.850865342428733	-1.5980463
1186	2342	2.848341367878575	-2.058228
1187	2342	2.846840980927613	-2.4534278
1188	2342	2.8447019453036484	-1.203461
1189	2342	2.8417536630734803	-1.1541333
1190	2342	2.828237057596893	-2.2003279
1191	2342	2.82533251842652	-1.5848376
1192	2342	2.8223754875843925	-1.8031107
1193	2342	2.8152891118976386	-1.3498076
1194	2342	2.8021005793695117	-1.4887931
1195	2342	2.7977481449199306	-2.020681
1196	2342	2.792547095110332	-1.5022144
1197	2342	2.787529766151871	-1.3611844
1198	2342	2.785088903415322	2.9006693
1199	2342	2.780640234234193	-1.1568022
1200	2342	2.777757566593717	-1.3448602
1201	2342	2.7752860837153115	-1.343002
1202	2342	2.769783206793128	-1.477227
1203	2342	2.76407473748991	-0.91180897
1204	2342	2.759376732867951	-1.0981145
1205	2342	2.7541625601404123	-1.2140805
1206	2342	2.748720923501942	-1.5122702
1207	2342	2.7441235279175107	-1.6030859
1208	2342	2.7409434074704295	-1.5185865
1209	2342	2.73842818153223	-1.6235977
1210	2342	2.7353530444286562	0.34326386
1211	2342	2.7302394807386463	-0.87245035
1212	2342	2.7244347767038795	-1.1170397
1213	2342	2.718323871250549	-3.0474818
1214	2342	2.712326697752684	0.23541403
1215	2342	2.7119898761922645	-0.4355185
1216	2342	2.7029394371207243	-2.2223039
1217	2342	2.6947944793869363	-2.455372
1218	2342	2.6880930426263756	-1.8718992
1219	2342	2.683968072087728	1.5002844
1220	2342	2.683495647041944	-1.0540128
1221	2342	2.6795631459663936	-2.5161257
1222	2342	2.672953569631402	-0.9962928
1223	2342	2.6570573417019787	-2.1788955
1224	2342	2.652971739917146	-1.4029824
1225	2342	2.6242762926917704	-1.7388579
1226	2342	2.616013228696536	-2.8480303
1227	2342	2.5852487347428674	-0.81812
1228	2342	2.5655949779770726	1.9442246
1229	2342	2.5568157458762606	-1.1627479
1230	2342	2.53754255373068	2.2632759
1231	2342	2.524161551739456	0.69239235
1232	2342	2.4987205881628123	-1.909963
1233	2342	2.4907724741981	-2.0068326
1234	2342	2.478025746573901	-1.4066824
1235	2342	2.4765297339289196	-1.1962334
1236	2342	2.4744344413647497	-1.242545
1237	2342	2.4724091376962516	-1.3818156
1238	2342	2.4702875992962046	-0.8877585
1239	2342	2.46697624966974	2.8915594
1240	2342	2.466425087116326	-0.32980847
1241	2342	2.4393393844913973	-1.7214298
1242	2342	2.4362511244698863	-1.5351692
1243	2342	2.4324454782677405	-1.8117789
1244	2342	2.4301052245687194	-2.0975008
1245	2342	2.426938227039577	-1.8360236
1246	2342	2.4265357908894654	2.7485154
1247	2342	2.4201011867936533	-1.6670023
1248	2342	2.4179227824158733	-1.0521984
1249	2342	2.4150926064471507	3.0409243
1250	2342	2.4147339133568337	-2.9393175
1251	2342	2.40873236555299	-1.9095199
1252	2342	2.405359775642812	-2.8886545
1253	2342	2.404738624193726	-1.9263004
1254	2342	2.396689901191486	-1.9564073
1255	2342	2.3953207434199104	-2.6971908
1256	2342	2.3878231829710845	-2.2709453
1257	2342	2.3764587360364002	-2.563769
1258	2342	2.3719313293476407	-1.7226807
1259	2342	2.369459846469235	-1.9170238
1260	2342	2.362351599252584	-2.0703673
1261	2342	2.357098057771231	-2.1862924
1262	2342	2.3559476152986276	-0.31088996
1263	2342	2.3503222578090197	3.0623028
1264	2342	2.348349445812275	-1.0698488
1265	2342	2.3412411985956227	-1.7886022
1266	2342	2.336884389840063	-1.60672
1267	2342	2.3325450783084207	-1.8806098
1268	2342	2.326259200615911	-1.9519335
1269	2342	2.3182542206734658	-2.2221391
1270	2342	2.3162070454750703	-2.3862634
1271	2342	2.310463581724015	-1.8420019
1272	2342	2.309553726080284	-0.969342
1273	2342	2.3037358991275783	-1.7354332
1274	2342	2.30195993089991	-1.6926783
1275	2342	2.30011397377657	-2.2028003
1276	2342	2.294121174584685	-1.7546867
1277	2342	2.2920914966102073	-1.7490317
1278	2342	2.288193989982492	1.0714762
1279	2342	2.2860768258884248	0.7233341
1280	2342	2.2840427736079683	1.3061244
1281	2342	2.2685752276645337	0.8695214
1282	2342	2.2514629426728154	1.6544049
1283	2342	2.243807907208729	1.4934881
1284	2342	2.2387687067203697	0.43925047
1285	2342	2.2291539821774773	-1.369894
1286	2342	2.2243991115777852	-2.7164009
1287	2342	2.2239398094499396	-2.2265148
1288	2342	2.2164728691429705	-3.0327704
1289	2342	2.2157817287982136	-1.7104688
1290	2342	2.2060576466058333	-2.4095883
1291	2342	2.2002004508993123	-1.9668747
1292	2342	2.195340596956112	-2.938922
1293	2342	2.1923529459721287	-1.4220115
1294	2342	2.1803104816106256	-2.9188952
1295	2342	2.176172388154039	-1.9226296
1296	2342	2.173219731617891	-1.934538
1297	2342	2.1717937078685816	-2.5382783
1298	2342	2.1674806421728166	-2.0779915
1299	2342	2.16660578097692	-2.7625594
1300	2342	2.1602892831425544	-2.2801642
1301	2342	2.1578790405478623	-2.7914824
1302	2342	2.156313039007209	-0.6040652
1303	2342	2.1467420575241105	-2.1783857
1304	2342	2.143592557218887	-1.1869488
1305	2342	2.140587409010985	-1.7416093
1306	2342	2.136869248928429	-2.0940704
1307	2342	2.1332516978834004	-1.4058207
1308	2342	2.128807403008251	-1.9497763
1309	2342	2.1228758441000783	-1.6398546
1310	2342	2.1175654366409926	-1.9565423
1311	2342	2.1145909085749475	-2.5770633
1312	2342	2.109179892078333	-2.3864374
1313	2342	2.1003306710818492	-2.5423553
1314	2342	2.0964856561258873	-2.8472238
1315	2342	2.0937123461348985	1.0905979
1316	2342	2.092246953631773	-2.115302
1317	2342	2.0822429158567077	-2.4730978
1318	2342	2.078187934213731	-1.6682453
1319	2342	2.0764163402920426	-2.5038981
1320	2342	2.0748634616693273	-2.532138
1321	2342	2.0728075378589734	-1.2473885
1322	2342	2.0686606957904274	-2.4925227
1323	2342	2.0642776411989914	-1.6499406
1324	2342	2.059877089383636	-1.7281765
1325	2342	2.0568107008920213	-1.8243128
1326	2342	2.0549734923806406	2.1443017
1327	2342	2.047804004880277	-2.2926493
1328	2342	2.0444839066418528	-2.58287
1329	2342	2.040372059021143	-2.8065739
1330	2342	2.0353722272866	-2.685413
1331	2342	2.0267635931189867	-3.0625496
1332	2342	2.02372345046325	3.1231034
1333	2342	2.0193097757299565	3.0691855
1334	2342	2.013955625211075	-2.4908216
1335	2342	2.0035185311440404	-2.3045163
1336	2342	2.0020050212751412	-1.8685418
1337	2342	1.9964496526812043	-3.1200252
1338	2342	1.986572469779543	-1.9386373
1339	2342	1.984534043193106	-1.0578587
1340	2342	1.981130833141072	-1.5088043
1341	2342	1.977823857820587	-2.203093
1342	2342	1.976266604891892	-2.7155924
1343	2342	1.9737076358938976	-2.2162027
1344	2342	1.9712623988513691	-2.189925
1345	2342	1.969980727199382	-2.511817
1346	2342	1.9664375393560052	-2.5994115
1347	2342	1.9615645624948668	-2.4192472
1348	2342	1.9592549289377024	-2.895116
1349	2342	1.9561666689161914	-2.6762216
1350	2342	1.9494433606257333	2.8646038
1351	2342	1.942295744655266	-2.0276597
1352	2342	1.935655548178418	-2.4319375
1353	2342	1.9323092041041177	-2.0655332
1354	2342	1.9263557736660477	-1.1319056
1355	2342	1.9243304699975496	2.3867905
1356	2342	1.9199036723463179	-2.5852048
1357	2342	1.9167366748171757	1.9808867
1358	2342	1.9132284814216343	-2.135903
1359	2342	1.910380808228994	-2.4548948
1360	2342	1.9048341882470163	-2.231886
1361	2342	1.9007442121562041	-2.3470912
1362	2342	1.8979402820233586	-2.176225
1363	2342	1.8953463185775279	-3.1219852
1364	2342	1.8934085010286195	2.9088318
1365	2342	1.8922536842500373	-2.6186702
1366	2342	1.8804736782473022	-2.7885222
1367	2342	1.8681381353851743	-2.3617148
1368	2342	1.865207350378924	-2.788508
1369	2342	1.8582959469313494	-2.7237194
1370	2342	1.8532961151968061	-2.6190856
1371	2342	1.8519313317312083	-2.9225318
1372	2342	1.8458248005838573	0.9063275
1373	2342	1.8448537046564129	1.1078379
1374	2342	1.8425703169351255	3.1314652
1375	2342	1.8421985009268695	-2.2722602
1376	2342	1.8325400333241824	-2.6812809
1377	2342	1.831980122158809	-2.7612832
1378	2342	1.830864674134042	-1.9727714
1379	2342	1.8227984539078843	-2.4154825
1380	2342	1.817208090866112	-2.2041361
1381	2342	1.811364018077529	-2.6805549
1382	2342	1.8093999546927435	-2.296067
1383	2342	1.7997721072319122	-2.8667603
1384	2342	1.7956340137753255	-2.62078
1385	2342	1.785594981552424	-2.7166455
1386	2342	1.7747379541113588	-2.3550744
1387	2342	1.7723977004123386	-1.7612665
1388	2342	1.7673322540881031	-1.7853411
1389	2342	1.7627479814216098	-1.5879496
1390	2342	1.7583474296062551	-1.470724
1391	2342	1.7555741196152663	-1.3807051
1392	2342	1.7535225701108903	-0.88455534
1393	2342	1.7478141008076724	-1.3762
1394	2342	1.7450189192867853	0.83930874
1395	2342	1.7435666497015987	0.8861935
1396	2342	1.7421931176240424	0.74668217
1397	2342	1.7391442263563466	-3.134088
1398	2342	1.7354610607216259	-2.9736483
1399	2342	1.7340656571141722	3.024502
1400	2342	1.7316729117433978	-2.879054
1401	2342	1.7283571878109534	2.1220582
1402	2342	1.7219794496928742	2.4062617
1403	2342	1.7152386441784992	-2.572369
1404	2342	1.7036773534747383	-3.0350199
1405	2342	1.701914508165009	2.9733574
1406	2342	1.6937957962670973	-3.0307152
1407	2342	1.6932052649598681	-2.9554522
1408	2342	1.6873130748055116	-3.0874338
1409	2342	1.6828425340944841	-2.5017223
1410	2342	1.679907374782255	-2.2276096
1411	2342	1.675760532713709	-2.9732733
1412	2342	1.672011752489297	-2.6383266
1413	2342	1.6660277019093712	-2.6648645
1414	2342	1.6624976369839324	-2.823275
1415	2342	1.656303619716991	-2.9304047
1416	2342	1.6499521274347888	3.0559218
1417	2342	1.649260987090031	1.6044033
1418	2342	1.6451753853051985	-0.97585297
1419	2342	1.6424326954560664	0.48206663
1420	2342	1.6402542910782865	0.38076234
1421	2342	1.639173837501355	0.6871207
1422	2342	1.6367417233767654	0.6693084
1423	2342	1.629209168480104	-2.7612963
1424	2342	1.618872683450598	-2.2686205
1425	2342	1.6174729055371646	2.5043385
1426	2342	1.6130417335799532	2.5455272
1427	2342	1.6069177052086845	2.4670527
1428	2342	1.60485740709235	2.7809389
1429	2342	1.599455139207694	2.7548735
1430	2342	1.5959863145659678	2.9879286
1431	2342	1.5921019308561917	2.73886
1432	2342	1.5805275172344926	2.8429058
1433	2342	1.5727368782850428	2.9214017
1434	2342	1.5632883773693695	2.7985332
1435	2342	1.560208865959817	2.2646425
1436	2342	1.5529562666458432	2.7069705
1437	2342	1.5478383286498536	2.6850893
1438	2342	1.546316070168995	2.7685535
1439	2342	1.5225067227226958	2.9543302
1440	2342	1.5181761598030121	2.754975
1441	2342	1.512870126649906	-2.9137607
1442	2342	1.5091213464254931	2.9653876
1443	2342	1.5028923347107161	-3.100802
1444	2342	1.4869392408035607	3.1358583
1445	2342	1.482731158451302	2.4483788
1446	2342	1.475911615429296	2.3258421
1447	2342	1.475014882703503	2.1799548
1448	2342	1.4688602341903776	1.8209727
1449	2342	1.4680947306439682	2.5807745
1450	2342	1.4572070830610473	-1.1474555
1451	2342	1.456590305917942	2.166539
1452	2342	1.4480691578699183	2.9898574
1453	2342	1.443541751181158	-2.9605532
1454	2342	1.4408428043918207	-3.0301552
1455	2342	1.4370459068016332	-2.4200504
1456	2342	1.4315036611256353	-2.7343369
1457	2342	1.4264819578611938	-2.9179265
1458	2342	1.4174840104614077	2.2478278
1459	2342	1.4168847305422192	2.1144168
1460	2342	1.413787721908749	0.7235236
1461	2342	1.4069594302747834	2.745423
1462	2342	1.4066094857964249	-3.0067134
1463	2342	1.4041598744479176	1.3814933
1464	2342	1.3991425454894566	2.7514288
1465	2342	1.3865270470446411	1.9466999
1466	2342	1.3796462637389224	2.933359
1467	2342	1.376387405784211	1.893934
1468	2342	1.3756350251557414	2.784567
1469	2342	1.3641306004297142	2.5820181
1470	2342	1.3624596155455535	2.0336611
1471	2342	1.3458591243534341	-2.8602273
1472	2342	1.337276736021698	2.5283873
1473	2342	1.3278894753897381	-1.596993
1474	2342	1.3144078643609873	2.8271897
1475	2342	1.307273371308458	2.461366
1476	2342	1.298966564253429	1.6825359
1477	2342	1.2964950813750242	2.088258
1478	2342	1.2904279189814885	-3.1384249
1479	2342	1.2735955895724569	3.0354354
1480	2342	1.2708966427831188	2.4555185
1481	2342	1.267021007685301	2.5617297
1482	2342	1.2652231679277355	2.2751238
1483	2342	1.2602320848051507	2.5867865
1484	2342	1.2598515201849372	2.4943473
1485	2342	1.2542611571431639	1.7715938
1486	2342	1.2493881802820255	2.2916386
1487	2342	1.2458624896625663	2.8608902
1488	2342	1.239747209903256	2.205773
1489	2342	1.2335663155542527	2.3751376
1490	2342	1.2284396289463047	2.1290767
1491	2342	1.2253251230889166	2.6825607
1492	2342	1.218072523774942	2.836178
1493	2342	1.2162921812412941	2.6609685
1494	2342	1.181538320234341	-0.76088834
1495	2342	1.1787518873254133	2.2592037
1496	2342	1.1680829550414664	2.7812908
1497	2342	1.1616570995576136	2.661122
1498	2342	1.1611759258998715	2.6022537
1499	2342	1.157020335219367	2.5552409
1500	2342	1.1522785875376123	-2.3914063
1501	2342	1.1417540073509889	2.146374
1502	2342	1.1407304197517902	1.7507865
1503	2342	1.133788396162359	2.8675582
1504	2342	1.128565474822862	-3.0494053
1505	2342	1.125752796078058	-3.0205593
1506	2342	1.1211597747996054	-3.0488567
1507	2342	1.1124855260423008	1.2060263
1508	2342	1.1101977640150338	-1.2571189
1509	2342	1.1088242319374775	2.701823
1510	2342	1.1030938911043613	1.2197721
1511	2342	1.0963399626720474	2.2772877
1512	2342	1.094152809682308	2.825753
1513	2342	1.0932823227923922	2.76634
1514	2342	1.0907321024063563	2.0282743
1515	2342	1.0869133332862724	2.5753086
1516	2342	1.0856185387163464	3.0076163
1517	2342	1.07779727962504	2.5751126
1518	2342	1.0766599600703755	1.5994866
1519	2342	1.0742190973338266	1.8811505
1520	2342	1.0726355985692564	2.7035882
1521	2342	1.058335992322342	2.8190863
1522	2342	1.0534367696253266	1.9606135
1523	2342	1.047671434344375	2.7176783
1524	2342	1.0460485668259878	1.3849452
1525	2342	1.031464630690408	2.1211536
1526	2342	1.0293737124322178	2.4806793
1527	2342	1.0290850082375727	1.3108542
1528	2342	1.023595254233327	2.0613158
1529	2342	1.0171081584657609	1.9347556
1530	2342	1.0144223345943617	1.8461535
1531	2342	1.0130969198825799	-2.7147815
1532	2342	1.0098993022115819	2.5198233
1533	2342	1.0022967584192486	-0.8221085
1534	2342	1.000363315176319	-2.8973663
1535	2342	0.9941955437452554	2.3774426
1536	2342	0.9903855232371299	2.573046
1537	2342	0.9862299325566255	0.42192173
1538	2342	0.9816631571140508	2.4713066
1539	2342	0.9613969975111285	2.6920645
1540	2342	0.9524340445591779	1.8951724
1541	2342	0.9456582445969666	1.6944625
1542	2342	0.9107512828807316	2.0951889
1543	2342	0.9074355589482872	2.034569
1544	2342	0.9044216621284269	1.3467
1545	2342	0.898315130981076	2.3589394
1546	2342	0.8774321942350474	2.5207694
1547	2342	0.8673144245045146	1.77296
1548	2342	0.8480412323589346	-1.0795846
1549	2342	0.8471576225510806	0.83948016
1550	2342	0.8467726836248866	1.7923796
1551	2342	0.846374621780754	1.0344603
1552	2342	0.8459984314665183	1.0987885
1553	2342	0.8455959953164065	1.6850116
1554	2342	0.8451804362483566	2.1591952
1555	2342	0.8406923983134118	2.128485
1556	2342	0.8331554691107708	2.2262776
1557	2342	0.8290130013482053	2.5040348
1558	2342	0.8242231363006769	2.1110175
1559	2342	0.8237857057027291	0.9732735
1560	2342	0.8230726938280739	1.6667545
1561	2342	0.8149802277660401	2.2857535
1562	2342	0.8117738614830823	1.9531486
1563	2342	0.8111877044818319	1.6561563
1564	2342	0.8087205959094064	1.2833169
1565	2342	0.8039176079439398	1.8187034
1566	2342	0.8005843867875777	2.6648123
1567	2342	0.7917307914851137	2.040086
1568	2342	0.7789009520473047	1.9904597
1569	2342	0.7737130251556437	2.1392915
1570	2342	0.7688312996825464	2.0468447
1571	2342	0.7636127526490291	1.9479735
1572	2342	0.7608000739042247	2.6948602
1573	2342	0.7565176283503154	2.1104128
1574	2342	0.7515571653695874	2.2717106
1575	2342	0.7508441534949326	1.5031927
1576	2342	0.7391691308357058	1.5810525
1577	2342	0.7365839160018344	1.2141898
1578	2342	0.7325201857468988	1.3869259
1579	2342	0.7297906188157044	1.2389505
1580	2342	0.727039180354613	1.8671463
1581	2342	0.7220874659858438	2.0608017
1582	2342	0.7182686968657594	0.87654185
1583	2342	0.7119259531955167	0.53028154
1584	2342	0.7061562436085849	1.0097063
1585	2342	0.6970489385593117	1.1868708
1586	2342	0.6965546419836302	1.250881
1587	2342	0.6957760155192836	1.7351825
1588	2342	0.6954216967349458	0.6697602
1589	2342	0.6950848751745262	0.6241329
1590	2342	0.6947174334722499	1.5715587
1591	2342	0.6943849862178095	1.5597184
1592	2342	0.6939650528437795	1.4956143
1593	2342	0.6936107340594422	1.7074316
1594	2342	0.6932607895810836	1.680332
1595	2342	0.6928496048190125	2.4695408
1596	2342	0.6924865374227163	1.5085638
1597	2342	0.6920184866829122	1.7297843
1598	2342	0.6915198158012514	1.6560528
1599	2342	0.6910823852033037	1.253001
1600	2342	0.6907193178070066	1.574126
1601	2342	0.6902731385971004	1.6142414
1602	2342	0.6898488309170907	1.337703
1603	2342	0.6894507690729581	2.2040627
1604	2342	0.6890877016766614	-0.0016376972
1605	2342	0.6886196509368574	0.60875845
1606	2342	0.6882478349286019	-0.06452775
1607	2342	0.6878760189203459	0.64138365
1608	2342	0.6875304487479674	1.225199
1609	2342	0.6871761299636296	1.8263862
1610	2342	0.6867736938135178	0.7083218
1611	2342	0.6718573104234977	1.8866751
1612	2342	0.6714417513554474	1.6315186
1613	2342	0.6590624654335242	1.2234085
1614	2342	0.6544825670730106	2.3188965
1615	2342	0.6524660120164714	1.8328516
1616	2342	0.6521116932321331	2.147586
1617	2342	0.6451915411725997	1.9056404
1618	2342	0.6396099267427848	1.876612
1619	2342	0.6319767628085962	2.884246
1620	2342	0.6283329659276911	1.3744705
1621	2342	0.6224757702211696	2.6293628
1622	2342	0.6218108757122889	1.6253989
1623	2342	0.6127385651108517	1.9973767
1624	2342	0.6060633741861681	1.9645455
1625	2342	0.60462422751892	1.9132698
1626	2342	0.6011422799592552	2.031675
1627	2342	0.5964617725612138	1.3339946
1628	2342	0.5927173666427805	1.3633897
1629	2342	0.5914400692967727	0.9834912
1630	2342	0.5904602247573703	1.3901894
1631	2342	0.5819696968512029	2.2699115
1632	2342	0.5760818810028256	1.7510998
1633	2342	0.5751938968889916	2.1978104
1634	2342	0.5745508739100087	1.2859652
1635	2342	0.5724905757936742	1.3426163
1636	2342	0.5700715845870228	1.2036221
1637	2342	0.5614891962552866	2.286999
1638	2342	0.5569705381784864	2.2878249
1639	2342	0.55391727260481	1.9357455
1640	2342	0.5521631759070398	1.6568673
1641	2342	0.5478982275770483	1.8122246
1642	2342	0.5455885940198839	1.079077
1643	2342	0.5328856094554797	1.6883237
1644	2342	0.5271333970924661	1.6680624
1645	2342	0.5258560997464587	1.0420086
1646	2342	0.5219673417307029	2.3596423
1647	2342	0.5145660160134256	2.1613276
1648	2342	0.5111671802673712	1.8325093
1649	2342	0.5044701178127906	1.4829395
1650	2342	0.4999733312658874	1.4606488
1651	2342	0.490367355334953	1.7553518
1652	2342	0.4839371255451206	1.914511
1653	2342	0.4826073365273591	1.7233932
1654	2342	0.48100196623289104	1.0642745
1655	2342	0.4686401775348856	2.231315
1656	2342	0.459821576680258	2.1062906
1657	2342	0.45021560074932454	2.0780542
1658	2342	0.44720170392946423	1.6264441
1659	2342	0.44512828289519124	1.9296134
1660	2342	0.43898675730000436	1.6341469
1661	2342	0.43522047985167367	0.9286158
1662	2342	0.42998443559423816	1.0828564
1663	2342	0.4265243595644712	1.0203211
1664	2342	0.42397413917843574	1.8887799
1665	2342	0.4191973970488454	1.6916397
1666	2342	0.41280216170684847	1.8987849
1667	2342	0.4119972894066244	1.5129936
1668	2342	0.40720305005311674	1.540415
1669	2342	0.39606606702936586	1.8350079
1670	2342	0.3903707206440852	0.98314166
1671	2342	0.3887434788197197	1.405967
1672	2342	0.38606202925429933	1.7536376
1673	2342	0.3801610904879835	2.2297366
1674	2342	0.3691072192778422	1.8577425
1675	2342	0.3679261566633829	1.1135232
1676	2342	0.36290882770492194	1.1820085
1677	2342	0.3609360157081771	0.18289924
1678	2342	0.3524542364139691	1.2614205
1679	2342	0.3500308709013389	1.4666617
1680	2342	0.3474762762093233	1.0800312
1681	2342	0.3469469851858067	1.1292064
1682	2342	0.3409585602999008	1.1955216
1683	2342	0.3371441654857965	1.2163699
1684	2342	0.33418276033768946	1.5278919
1685	2342	0.3302590078740977	1.029331
1686	2342	0.3286098945198348	1.2069275
1687	2342	0.32431870035396626	1.243233
1688	2342	0.30828686893917956	-2.5307653
1689	2342	0.30409628381083964	1.677593
1690	2342	0.3019528738808952	0.42405534
1691	2342	0.2990527090165016	1.428335
1692	2342	0.29605630942055905	-0.20974898
1693	2342	0.28722021134201325	0.73520684
1694	2342	0.28022132177484815	2.2411864
1695	2342	0.2593777537826356	1.4779661
1696	2342	0.2528162948134183	2.4609463
1697	2342	0.23301818595030088	0.18934655
1698	2342	0.22915129946444202	-1.6686968
1699	2342	0.22621614015221247	2.7814095
1700	2342	0.22443142331258503	-1.9463556
1701	2342	0.22267732661481476	3.0566714
1702	2342	0.21364001046121261	0.7227657
1703	2342	0.21031116361083013	2.3805835
1704	2342	0.20518885130886133	1.5421865
1705	2342	0.19785314018127664	1.7546351
1706	2342	0.19165037430237675	-2.9689164
1707	2342	0.19065303253905608	-2.2030504
1708	2342	0.18832590175797348	-2.667657
1709	2342	0.18388598118880317	-1.1423967
1710	2342	0.180277178755734	-2.2715092
1711	2342	0.17917922795488472	-0.7707269
1712	2342	0.17079805769820489	2.198346
1713	2342	0.16861090470846607	2.0844996
1714	2342	0.16590758361314828	-0.9190686
1715	2342	0.161528903327691	3.0467203
1716	2342	0.1530208781976059	2.6755373
1717	2342	0.15183106697118776	3.1331084
1718	2342	0.14657752548983494	1.4519656
1719	2342	0.14145521318786614	-2.9154325
1720	2342	0.14123212358291282	0.035928726
1721	2342	0.1370940301263266	0.7629137
1722	2342	0.13390516106728745	0.7500837
1723	2342	0.12980206205853673	1.040189
1724	2342	0.12741806529972122	0.7336054
1725	2342	0.1262807457450572	0.76704264
1726	2342	0.1223263731396087	0.76624393
1727	2342	0.10845107457270453	-0.2813754
1728	2342	0.10373994703280642	-0.89948416
1729	2342	0.1018371239317335	-0.104914665
1730	2342	0.09116381734180701	1.093435
1731	2342	0.08690761762377486	-0.3275876
1732	2342	0.08620335436107895	2.2371652
1733	2342	0.07481703589649769	1.5298326
1734	2342	0.07244616205562071	2.139325
1735	2342	0.0684742922262549	1.6680415
1736	2342	0.06756006227654376	2.281449
1737	2342	0.057420421016113554	2.1797826
1738	2342	0.05584567086350134	2.2207358
1739	2342	0.05508016731709242	1.1117718
1740	2342	0.046239694932567854	1.3487613
1741	2342	0.045377956654609974	0.8222294
1742	2342	0.0410605166528657	1.1112945
1743	2342	0.0333967325768203	1.566685
1744	2342	0.030920875392435487	0.1420393
1745	2342	0.030199114905821833	0.9714143
1746	2342	0.024464399766725986	1.0495889
1747	2342	0.015532066956632118	1.4944012
1748	2342	0.009053719801024762	1.3814056
1749	2342	0.0042463575295781375	1.9464481
1750	2342	-0.003911723122148381	0.92993665
1751	2342	-0.008894057632773844	1.0118754
1752	2342	-0.013001530947503781	0.96575236
1753	2342	-0.014108230360311502	0.9358237
1754	2342	-0.024121016747336466	0.6938002
1755	2342	-0.036093492213168155	1.3686783
1756	2342	-0.0380925500457896	0.49331427
1757	2342	-0.040870234342758494	0.81548285
1758	2342	-0.04280367758568726	1.2148983
1759	2342	-0.045038947941201	1.8698151
1760	2342	-0.05254525700198531	2.4604785
1761	2342	-0.066516790300438	0.954797
1762	2342	-0.07321822706099823	1.4295723
1763	2342	-0.07785499139924523	2.991104
1764	2342	-0.08641988250706323	-2.3427618
1765	2342	-0.1165107333398927	0.22042274
1766	2342	-0.11697003546773788	0.53148913
1767	2342	-0.12179052065712259	0.57860184
1768	2342	-0.13116465837114433	0.93965745
1769	2342	-0.13643132277043568	0.6318457
1770	2342	-0.1384172576851186	0.97181916
1771	2342	-0.13985203004638747	0.8426492
1772	2342	-0.14475125274340295	0.6626556
1773	2342	-0.14786575860079143	0.50600696
1774	2342	-0.1485962676993644	0.9649031
1775	2342	-0.153989786972061	1.0865691
1776	2342	-0.1558488670133391	0.689209
1777	2342	-0.15801414847318052	1.2033379
1778	2342	-0.1648818088609607	0.65604615
1779	2342	-0.16694648128327483	0.72600913
1780	2342	-0.1703059482755136	1.2230737
1781	2342	-0.17926015261550488	0.43715858
1782	2342	-0.18786441247713892	-0.7616329
1783	2342	-0.21079015011558333	0.5952325
1784	2342	-0.21899197382710422	1.0826523
1785	2342	-0.22373809581483828	0.66242814
1786	2342	-0.22512912511631233	0.87034345
1787	2342	-0.23214113760141553	0.20067787
1788	2342	-0.23361527871649956	-0.13634276
1789	2342	-0.23494944204024026	-0.23413253
1790	2342	-0.23567557683283358	0.24060726
1791	2342	-0.2422895274738046	0.7662289
1792	2342	-0.2524904090179474	0.6674216
1793	2342	-0.25567052946502766	0.30908465
1794	2342	-0.2591393541067539	1.8600442
1795	2342	-0.26270003917404905	1.2329733
1796	2342	-0.26568331585205307	-1.1232111
1797	2342	-0.2746900118637985	0.3661163
1798	2342	-0.278797485178528	0.5705774
1799	2342	-0.28447970864587013	0.5113888
1800	2342	-0.28598446990281046	0.21143484
1801	2342	-0.2902100494789863	1.6389763
1802	2342	-0.29647405564159923	1.3828166
1803	2342	-0.3003584393513754	1.4312146
1804	2342	-0.30709049625379237	1.4801605
1805	2342	-0.30954448190827977	1.4578726
1806	2342	-0.31182349532358744	1.4007919
1807	2342	-0.31361696077517376	0.96452546
1808	2342	-0.31698955068535106	1.4445741
1809	2342	-0.3190585974136444	0.99580836
1810	2342	-0.3242858930591206	1.2859213
1811	2342	-0.3271423148637198	0.96320033
1812	2342	-0.33268018623373896	1.011236
1813	2342	-0.3350904288284311	0.75576305
1814	2342	-0.3373913137736366	0.45745182
1815	2342	-0.3419537149102321	0.48025584
1816	2342	-0.3459780764113525	0.54655075
1817	2342	-0.3506279636675371	0.5164082
1818	2342	-0.35325254725522415	0.44129848
1819	2342	-0.3558815051488904	0.6245887
1820	2342	-0.3621542599234622	0.806509
1821	2342	-0.3694768481331083	1.6574261
1822	2342	-0.371983325459349	1.2074878
1823	2342	-0.3778798899196856	0.57109046
1824	2342	-0.38368021964847365	1.0091808
1825	2342	-0.38463381835199995	0.65162444
1826	2342	-0.39443226374603046	0.6744547
1827	2342	-0.39822041272425857	0.62799525
1828	2342	-0.40247223813631106	0.97580934
1829	2342	-0.40432694387160995	0.33434916
1830	2342	-0.41134333066269235	0.8060031
1831	2342	-0.4183072257820215	-0.019217253
1832	2342	-0.42348640406172366	0.55399776
1833	2342	-0.42484681322134143	0.9940655
1834	2342	-0.4290986386333939	-0.054988623
1835	2342	-0.4348508509964075	0.6826043
1836	2342	-0.4389670729230968	0.5325589
1837	2342	-0.44034497930663186	1.3101819
1838	2342	-0.44591784512448696	0.3983221
1839	2342	-0.4485992946899069	0.66496897
1840	2342	-0.45660864893833164	0.078431845
1841	2342	-0.46055427293182083	0.81505466
1842	2342	-0.4647929754259348	0.18768954
1843	2342	-0.4696047120033606	0.9245112
1844	2342	-0.47026960651224137	0.012387991
1845	2342	-0.4716781330376332	-0.16021395
1846	2342	-0.47712851828806313	1.3788059
1847	2342	-0.4845429669232786	-0.018528223
1848	2342	-0.4925173267238665	-0.15238953
1849	2342	-0.5010166032419923	0.90044665
1850	2342	-0.5047347633245489	-0.045155525
1851	2342	-0.5136452246047458	0.31019282
1852	2342	-0.5166241269767702	0.3511665
1853	2342	-0.5235049102824894	0.60358524
1854	2342	-0.5328834223024899	0.9316604
1855	2342	-0.5347818710975836	0.85546637
1856	2342	-0.5806814637402464	0.46372485
1857	2342	-0.584876423174566	0.6776364
1858	2342	-0.5884239853239226	0.61852765
1859	2342	-0.5932225989834103	2.6734726
1860	2342	-0.6011357185002861	0.30956006
1861	2342	-0.6015425289563776	1.2825544
1862	2342	-0.6020018310842228	-0.8626342
1863	2342	-0.6026798485110421	0.08912802
1864	2342	-0.6271234703243653	-0.006654978
1865	2342	-0.6321670451187034	0.5388274
1866	2342	-0.6391221916260736	0.06588268
1867	2342	-0.6425997648797588	0.5716963
1868	2342	-0.6489075141021656	0.15209055
1869	2342	-0.6526694172445171	0.40826988
1870	2342	-0.6579448302557678	0.36304736
1871	2342	-0.6603900672982959	-0.042630434
1872	2342	-0.6688718465925039	-0.30656075
1873	2342	-0.6741385109917952	-0.5008149
1874	2342	-0.6786352975386989	-0.5551698
1875	2342	-0.6829877319882791	0.15893531
1876	2342	-0.6893829673302765	0.6015587
1877	2342	-0.6970992430780756	0.1322782
1878	2342	-0.7022609241338595	-1.2384677
1879	2342	-0.7027071033437666	0.8784168
1880	2342	-0.7228332851553447	0.67694354
1881	2342	-0.7241543255611473	0.56505394
1882	2342	-0.726555819543881	0.53156424
1883	2342	-0.7341539890302338	0.59410644
1884	2342	-0.7398755812513915	-0.0070340633
1885	2342	-0.745277849136047	3.0199063
1886	2342	-0.7503170496244054	0.33748078
1887	2342	-0.7576571350579697	-0.7007787
1888	2342	-0.7652246844024666	-0.62846565
1889	2342	-0.7844103904284574	-0.8010199
1890	2342	-0.7853114974602295	2.7474568
1891	2342	-0.7988412258547553	-0.2515409
1892	2342	-0.8027518554004089	0.33852077
1893	2342	-0.8173489144539272	0.35043073
1894	2342	-0.8218369523888716	-0.84897065
1895	2342	-0.8296538371741988	0.3406973
1896	2342	-0.8370945316452909	-1.4265531
1897	2342	-0.8484502299680159	-0.14144254
1898	2342	-0.8539837270320558	0.30887628
1899	2342	-0.8572382106807872	-0.5158074
1900	2342	-0.858681731654015	-0.26018786
1901	2342	-0.8635722057390716	-0.44992185
1902	2342	-0.8676971762777193	-0.3005607
1903	2342	-0.8696699882744641	-0.38133883
1904	2342	-0.8742323894110595	-0.4470322
1905	2342	-0.8777799515604161	0.04361701
1906	2342	-0.8814981116429728	-0.3085842
1907	2342	-0.8850238022624319	-0.52454376
1908	2342	-0.8889869234798393	0.15881181
1909	2342	-0.8931906315261173	0.05225563
1910	2342	-0.8952203095005955	0.08774948
1911	2342	-0.8969219145266125	-0.008725405
1912	2342	-0.8975168201398214	0.08447242
1913	2342	-0.8986103966346906	0.02710867
1914	2342	-0.9022848136574524	0.011449099
1915	2342	-0.9080107801845889	0.048661232
1916	2342	-0.9099354748155597	0.11983061
1917	2342	-0.910792838787537	-0.03566718
1918	2342	-0.9130543549789274	0.009919882
1919	2342	-0.9147165912511288	-0.037960768
1920	2342	-0.9171968227414928	0.09857154
1921	2342	-0.9190471541708121	-0.051341057
1922	2342	-0.9199963785683587	-0.10417199
1923	2342	-0.9224547385288258	-0.08742714
1924	2342	-0.9239594997857661	-0.16746116
1925	2342	-0.9257267194014753	0.0058157444
1926	2342	-0.9270171396654212	-0.030495644
1927	2342	-0.9280363529586397	-0.18062139
1928	2342	-0.9298910586939382	-0.12639976
1929	2342	-0.9327606034164759	-0.14597702
1930	2342	-0.9344097167707388	-0.17047596
1931	2342	-0.9357526287064388	-0.17204261
1932	2342	-0.9396895040879691	-0.29835987
1933	2342	-0.9410367903296484	-0.09082818
1934	2342	-0.9437619829548631	-0.22526574
1935	2342	-0.9467758797747234	-0.30714917
1936	2342	-0.9482456465838283	-0.37050962
1937	2342	-0.9498072738185019	1.0743635
1938	2342	-0.9581840697692026	0.14947677
1939	2342	-0.968017509611069	-0.6252434
1940	2342	-0.9688355048292316	-0.58244467
1941	2342	-0.9735072636153137	0.94848084
1942	2342	-0.9830869937103706	-1.1673816
1943	2342	-0.9836687764056413	-1.591501
1944	2342	-0.985457867551248	0.14572072
1945	2342	-1.0015159448019118	-0.18244863
1946	2342	-1.0075612356655506	-0.40526915
1947	2342	-1.0092628406915676	1.121691
1948	2342	-1.013667766812902	-0.08227277
1949	2342	-1.014376404381577	-0.056684017
1950	2342	-1.0162704788706916	-1.4934999
1951	2342	-1.0235449497145632	-0.8777709
1952	2342	-1.0310381358574094	0.605654
1953	2342	-1.033745831258706	0.21426535
1954	2342	-1.0347956646937808	-0.64442587
1955	2342	-1.0367728509965048	-0.09388876
1956	2342	-1.0389556296802644	0.12095976
1957	2342	-1.0444497579904888	-0.41415834
1958	2342	-1.0447253392671958	0.3910451
1959	2342	-1.0491083938586327	-0.32308578
1960	2342	-1.0536358005473931	-0.31860542
1961	2342	-1.0570258876814882	-0.997694
1962	2342	-1.0599654212996974	-0.21174002
1963	2342	-1.0634473688593618	0.18764758
1964	2342	-1.0647159175934107	-1.6005338
1965	2342	-1.0723228356917232	-0.42105746
1966	2342	-1.075061151234876	-0.2939155
1967	2342	-1.0797066641850819	-0.35651684
1968	2342	-1.08542388210026	-0.42058754
1969	2342	-1.0914079326801858	-0.71754193
1970	2342	-1.0974532235438246	-0.69808817
1971	2342	-1.0988355042333398	-0.14306712
1972	2342	-1.100615846766987	-1.4548777
1973	2342	-1.108174647499525	-1.6464957
1974	2342	-1.1101212136603928	0.16862822
1975	2342	-1.1131919764579865	-0.14600348
1976	2342	-1.1158778003293857	-0.42389727
1977	2342	-1.12187934813323	-0.611099
1978	2342	-1.1251775748417563	-0.6978464
1979	2342	-1.1287076397671951	-0.29070783
1980	2342	-1.1373731399125413	-0.8215647
1981	2342	-1.1400414665600227	1.0346477
1982	2342	-1.1446869795102284	0.50667787
1983	2342	-1.1515721371219267	-0.5089197
1984	2342	-1.1567206952597724	-0.46532464
1985	2342	-1.1578055231426831	-0.42440915
1986	2342	-1.160688190783159	1.3810203
1987	2342	-1.1644588425374691	-0.33208728
1988	2342	-1.173946712206957	-0.29420304
1989	2342	-1.1787015828066498	-0.44228363
1990	2342	-1.1798170308314166	-0.4400537
1991	2342	-1.1828834193230309	-0.46750855
1992	2342	-1.195805119186409	-0.45460987
1993	2342	-1.2025809191486203	-2.5284436
1994	2342	-1.206649023709535	-2.134737
1995	2342	-1.2083331315116341	1.6418655
1996	2342	-1.2174141907250302	0.7475617
1997	2342	-1.2210142445461407	-0.5309069
1998	2342	-1.2325536637200039	-1.1493834
1999	2342	-1.2337784693942577	0.27031207
2000	2342	-1.2353225994050137	1.3566506
2001	2342	-1.237387271827327	2.1584437
2002	2342	-1.2402130734900698	0.53186274
2003	2342	-1.2445523850217122	-1.4392768
2004	2342	-1.2457246990242123	1.6921175
2005	2342	-1.2553481721790638	-0.7885642
2006	2342	-1.256791693152292	-1.090378
2007	2342	-1.2626007714930387	-0.586591
2008	2342	-1.2690747443426662	-0.8399937
2009	2342	-1.2725479432903717	-0.22560191
2010	2342	-1.2785319938702977	0.23852324
2011	2342	-1.2839211388370146	0.67021656
2012	2342	-1.2905482123959238	-1.127383
2013	2342	-1.2978139346278368	-2.7018447
2014	2342	-1.3099570080268679	-0.4158945
2015	2342	-1.3112255567609168	0.005745411
2016	2342	-1.3200222860856468	-0.5082114
2017	2342	-1.320783415326076	1.3500035
2018	2342	-1.3291295911349201	-1.37601
2019	2342	-1.3306868440636144	-1.5090296
2020	2342	-1.3370295877338576	-0.57881093
2021	2342	-1.3409314686675522	-0.91300344
2022	2342	-1.3447721093175338	-2.4010406
2023	2342	-1.3465174574033454	0.58666515
2024	2342	-1.3506511765539524	-0.5289707
2025	2342	-1.3607339518366492	-0.8664918
2026	2342	-1.3650120230845786	-0.9746251
2027	2342	-1.365436330764588	-0.8885617
2028	2342	-1.3675709920825734	2.0035532
2029	2342	-1.373900612834878	-0.9311576
2030	2342	-1.3748104684786095	-0.69154215
2031	2342	-1.3871241398108403	-1.1109674
2032	2342	-1.3900111817572958	-0.9967027
2033	2342	-1.3905404727808126	-0.21252704
2034	2342	-1.3992409673739943	-0.7708664
2035	2342	-1.4064629465461127	-1.1167703
2036	2342	-1.4095030892018499	-0.69113827
2037	2342	-1.4103560788678482	-1.1523438
2038	2342	-1.4221842022363567	2.4087594
2039	2342	-1.4267990950447063	-1.3111705
2040	2342	-1.427394000657915	-0.86049557
2041	2342	-1.430311662746227	-1.0393286
2042	2342	-1.4370305967307053	-0.117654085
2043	2342	-1.4389552913616757	-0.2695763
2044	2342	-1.4476995290146522	-1.2282783
2045	2342	-1.4563562805480392	-0.7415981
2046	2342	-1.4577429355435338	-1.095195
2047	2342	-1.4684818567231523	-0.4350102
2048	2342	-1.4721081563801397	2.5347092
2049	2342	-1.47294364882222	-2.1975121
2050	2342	-1.4792907667984427	-1.6191318
2051	2342	-1.4839712741964843	-1.9265246
2052	2342	-1.4868714390608782	1.6031635
2053	2342	-1.4933629091344234	-1.2098975
2054	2342	-1.4940671723971197	-0.980463
2055	2342	-1.4969935830973904	-1.1681194
2056	2342	-1.50780686747866	-2.0828328
2057	2342	-1.5167916919605078	-1.3184245
2058	2342	-1.526310181771852	-0.40061283
2059	2342	-1.5293153299797537	-2.6644309
2060	2342	-1.5382257912599504	-1.2027982
2061	2342	-1.540618536630725	-0.73389864
2062	2342	-1.5423595104105574	-0.6603949
2063	2342	-1.5452553009689716	2.7325943
2064	2342	-1.5527091183580024	-1.5388935
2065	2342	-1.558233866810083	-0.44380283
2066	2342	-1.5654558459822014	-1.4952356
2067	2342	-1.5700794874025097	-0.94232726
2068	2342	-1.5721616570487411	-1.9269477
2069	2342	-1.5752105483164374	-1.2444069
2070	2342	-1.584484076992931	-1.2005112
2071	2342	-1.6062025061810392	-0.5314903
2072	2342	-1.6180743726093427	-2.3418777
2073	2342	-1.6249114128552669	-1.6931405
2074	2342	-1.6295350542755753	-1.3925333
2075	2342	-1.631280402361387	1.0970314
2076	2342	-1.6336906449560795	-1.0971935
2077	2342	-1.6412844401364532	-1.8393885
2078	2342	-1.6437384257909404	2.2868965
2079	2342	-1.6448363765917895	-0.98715425
2080	2342	-1.6486507714058942	-0.8180964
2081	2342	-1.6503042590661368	-1.2346909
2082	2342	-1.651419707090904	-1.6424248
2083	2342	-1.6605095149162592	-1.3068306
2084	2342	-1.6636415179975654	-1.2143836
2085	2342	-1.666965990541969	-1.1769133
2086	2342	-1.6737899078699545	-0.9970083
2087	2342	-1.6786803819550111	-0.8926475
2088	2342	-1.6838989289885284	-1.1866869
2089	2342	-1.6871884070850958	-0.9909923
2090	2342	-1.7125025157883353	-1.1662714
2091	2342	-1.7155776528919084	-1.9196949
2092	2342	-1.7205031214248008	-0.70728564
2093	2342	-1.7248118128145866	-1.7582067
2094	2342	-1.7307608689466767	2.8159573
2095	2342	-1.7432232666822096	-0.16398382
2096	2342	-1.7510445257735163	-2.9355006
2097	2342	-1.7542596406684328	-1.1391704
2098	2342	-1.7565342797777612	0.00072169304
2099	2342	-1.7577065937802614	-2.5201757
2100	2342	-1.762964509567594	-1.2167202
2101	2342	-1.7666433008963351	-0.65061975
2102	2342	-1.774547671801252	-0.71048117
2103	2342	-1.775041968376933	2.988992
2104	2342	-1.7817127849956371	-1.8000675
2105	2342	-1.7829638365057676	-1.7431284
2106	2342	-1.7897308878560203	-0.7939148
2107	2342	-1.807433704154968	-1.3456898
2108	2342	-1.8084485431422068	-1.9009926
2109	2342	-1.8191174754261537	-2.6136384
2110	2342	-1.8246159780423579	-1.6128596
2111	2342	-1.831728599564989	-1.4625305
2112	2342	-1.8360547881786928	-1.7318741
2113	2342	-1.8401710101053816	-2.3060365
2114	2342	-1.8430230576040014	3.082554
2115	2342	-1.848372833816903	-1.9969124
2116	2342	-1.8539238281048607	-1.4312861
2117	2342	-1.8547112031811668	-1.4852132
2118	2342	-1.864531520105095	-0.67464757
2119	2342	-1.8759090899577173	-1.2536215
2120	2342	-1.8810357765656656	-1.0191653
2121	2342	-1.8839009469822239	-1.6587746
2122	2342	-1.8896925280990526	-1.4002954
2123	2342	-1.8924089721123085	-1.0986829
2124	2342	-1.8935331687490344	-1.4484751
2125	2342	-1.895103544595667	-1.4196453
2126	2342	-1.9047270177505187	-1.9393942
2127	2342	-1.905580007416517	-1.689112
2128	2342	-1.9150547541680663	-1.0708065
2129	2342	-1.9183836010184492	-2.047988
2130	2342	-1.9219180402498675	-1.8357441
2131	2342	-1.9257061892280953	-1.7238468
2132	2342	-1.929783042400969	-1.4076965
2133	2342	-1.9368300493339081	-1.7391876
2134	2342	-1.9431465471682743	1.5740716
2135	2342	-1.9503335318925568	2.4930384
2136	2342	-1.955722676859274	0.8899367
2137	2342	-1.961470514916308	-1.9161867
2138	2342	-1.9705340769057864	0.7298868
2139	2342	-1.974344097413912	-2.3131227
2140	2342	-1.9762556691269437	-2.2857468
2141	2342	-1.9792695659468043	-1.7980999
2142	2342	-1.9834076594033903	-3.002791
2143	2342	-1.9846718338314595	-0.25961447
2144	2342	-1.9856210582290064	-1.9369954
2145	2342	-1.9878738258084374	-1.8175124
2146	2342	-1.9938010104106303	-2.3242865
2147	2342	-1.9974010642317406	-1.0201936
2148	2342	-1.998840210898989	-1.433176
2149	2342	-2.0119193857776283	-1.7590706
2150	2342	-2.025772812814635	-1.8013346
2151	2342	-2.0274962893705495	-1.0529327
2152	2342	-2.0280080831701484	-2.3389986
2153	2342	-2.0371591312792168	-2.2845478
2154	2342	-2.0389525967308026	-2.3604429
2155	2342	-2.046926956531391	-1.9230856
2156	2342	-2.066138908393259	-2.9102604
2157	2342	-2.075539291943157	-1.7733003
2158	2342	-2.08867095849355	-1.6071569
2159	2342	-2.1050221142448393	-1.5063636
2160	2342	-2.1130139712693454	-1.8184785
2161	2342	-2.120319062255074	-1.9624054
2162	2342	-2.1233985736646264	-1.6669841
2163	2342	-2.1274141865537874	3.0988085
2164	2342	-2.1311629667782	-3.1270695
2165	2342	-2.133993142746922	-2.3002722
2166	2342	-2.1425755310786583	-2.90054
2167	2342	-2.150252438072642	-1.9936637
2168	2342	-2.1526451834434166	-2.8093169
2169	2342	-2.1608295099310197	-2.426006
2170	2342	-2.164700770722858	-0.49418545
2171	2342	-2.167749661990554	-2.1536083
2172	2342	-2.1727494937250977	2.6433752
2173	2342	-2.182845391925733	-2.3228114
2174	2342	-2.1971887412324413	2.6454008
2175	2342	-2.1981817086897832	0.3280518
2176	2342	-2.200172017910446	2.7723906
2177	2342	-2.207157784559672	-2.8453767
2178	2342	-2.208338847174131	-0.7969682
2179	2342	-2.217266805678246	-0.5899985
2180	2342	-2.2214748880305035	0.4210601
2181	2342	-2.228084464365495	-2.9186049
2182	2342	-2.228933079725514	2.816775
2183	2342	-2.23374044199696	-1.0961716
2184	2342	-2.2384559438428373	-2.0851655
2185	2342	-2.2414917121925955	-2.4232242
2186	2342	-2.2460672362471295	-1.8367276
2187	2342	-2.2501659609499	-1.2651491
2188	2342	-2.258848958319164	-1.9057932
2189	2342	-2.260935502271375	-2.980395
2190	2342	-2.262912688574099	-2.9883127
2191	2342	-2.2736122409999027	-2.5786002
2192	2342	-2.2825358251980377	-1.5725627
2193	2342	-2.2857553143989335	-1.4955566
2194	2342	-2.287452545118971	-1.3679781
2195	2342	-2.2922249129425816	-2.2055533
2196	2342	-2.2929554220411545	0.662894
2197	2342	-2.2956106257706974	2.7336133
2198	2342	-2.3019446208289818	3.033398
2199	2342	-2.310063332726893	-2.5412285
2200	2342	-2.3111744064456805	-2.9512367
2201	2342	-2.3192974926495715	-0.4462154
2202	2342	-2.3210865837951777	2.3819807
2203	2342	-2.3401191891118867	-1.5438799
2204	2342	-2.35299714591547	-1.4695768
2205	2342	-2.353631420282494	-2.114955
2206	2342	-2.3643397213202566	-2.738682
2207	2342	-2.3677910487380647	-2.3439534
2208	2342	-2.370721833744315	-2.354501
2209	2342	-2.3825280855829263	0.13531566
2210	2342	-2.388188437520371	2.5208547
2211	2342	-2.393336995658217	1.5734522
2212	2342	-2.4018012777285067	-0.97071385
2213	2342	-2.40562879546055	-0.86186767
2214	2342	-2.4107204876206625	0.4676826
2215	2342	-2.4172775722838997	-1.2027829
2216	2342	-2.419381613460029	-1.9247067
2217	2342	-2.423502209692697	2.0542343
2218	2342	-2.4330032022801236	-2.6537993
2219	2342	-2.4373731339536224	1.7363789
2220	2342	-2.4416468308955723	1.797766
2221	2342	-2.4489213017394444	1.8638346
2222	2342	-2.4507147671910303	-2.4503222
2223	2342	-2.45406985987729	-1.9873549
2224	2342	-2.460530709808979	2.1773088
2225	2342	-2.4641963782197815	2.112826
2226	2342	-2.465591781827235	2.4463775
2227	2342	-2.4661648159105467	2.4012592
2228	2342	-2.4685706841992596	2.4045756
2229	2342	-2.472078877594801	2.4533756
2230	2342	-2.4765844127536636	2.2318804
2231	2342	-2.484751242017349	-2.0162115
2232	2342	-2.4910414940158385	-1.8993132
2233	2342	-2.495853230593264	-1.7377338
2234	2342	-2.5001662962890294	-1.5155324
2235	2342	-2.501447967941017	2.489745
2236	2342	-2.506732129564226	0.8255496
2237	2342	-2.5076857282677523	3.0984862
2238	2342	-2.5130180072567363	-2.8644269
2239	2342	-2.518192811230459	-2.29857
2240	2342	-2.519741315547194	3.0124066
2241	2342	-2.524627415326271	-2.5170157
2242	2342	-2.5252091980215416	-3.00961
2243	2342	-2.5348064253405163	-2.2935915
2244	2342	-2.538537708341011	-2.1077309
2245	2342	-2.5420852704903676	-2.081499
2246	2342	-2.54240459482687	2.9314096
2247	2342	-2.549622199693008	-2.7963088
2248	2342	-2.5550332161896225	-2.036345
2249	2342	-2.5580383643975244	2.7073195
2250	2342	-2.570575125334708	3.1148837
2251	2342	-2.5740614472003522	-2.3533182
2252	2342	-2.585342782321426	-1.9377549
2253	2342	-2.5866375768913517	1.1047423
2254	2342	-2.5953293228725745	2.937485
2255	2342	-2.5981157557815022	3.1366298
2256	2342	-2.6089640346106076	2.8747866
2257	2342	-2.6166234443806737	2.2593844
2258	2342	-2.6177301437934815	3.0318534
2259	2342	-2.624016021485992	-0.27602005
2260	2342	-2.632265962563287	2.8516982
2261	2342	-2.6368808553716363	-2.723744
2262	2342	-2.6449601985157325	2.9041727
2263	2342	-2.6520334512845483	-1.9684877
2264	2342	-2.653857536877991	2.4673793
2265	2342	-2.6568364392500152	-2.338338
2266	2342	-2.665335715768141	-2.2815206
2267	2342	-2.6692375967018354	2.5148466
2268	2342	-2.6704186593162946	-2.064036
2269	2342	-2.6842152203755685	-3.102005
2270	2342	-2.687504698472136	-2.3947043
2271	2342	-2.6918571329217165	2.9543016
2272	2342	-2.694814163763844	2.4000728
2273	2342	-2.6958027569152057	2.1918747
2274	2342	-2.706126119026774	-2.710195
2275	2342	-2.7105266708421287	-2.3359342
2276	2342	-2.7228403421743597	-2.462403
2277	2342	-2.7274508606767296	-2.3285322
2278	2342	-2.7320001388953865	-3.1150267
2279	2342	-2.738329759647691	-2.6796546
2280	2342	-2.7431458705310967	1.5178211
2281	2342	-2.7486924905130747	2.6442955
2282	2342	-2.7604681222098297	2.5128024
2283	2342	-2.7646280871963134	2.7400162
2284	2342	-2.7657566581390185	1.9657156
2285	2342	-2.7688099237126944	-3.1052363
2286	2342	-2.777344194678656	-2.298323
2287	2342	-2.78594408023431	-2.4086013
2288	2342	-2.803576907637586	-2.8026195
2289	2342	-2.8044998861992556	3.138758
2290	2342	-2.816249272060134	2.2449634
2291	2342	-2.825325956967551	-2.487844
2292	2342	-2.8323248465347155	-2.0418267
2293	2342	-2.838890679809912	-1.8333349
2294	2342	-2.849424008608495	-1.8193222
2295	2342	-2.85357522498302	-2.0384803
2296	2342	-2.860337902027293	-1.5074929
2297	2342	-2.8670874561536275	-2.0328531
2298	2342	-2.87243285806055	-1.8390648
2299	2342	-2.902812413088025	-2.480781
2300	2342	-2.9082234295846394	2.3092015
2301	2342	-2.911202331956664	1.7568748
2302	2342	-2.913197015483306	1.9626162
2303	2342	-2.917811908291655	1.382129
2304	2342	-2.9202396481102655	2.7404644
2305	2342	-2.922439924017943	-3.0797608
2306	2342	-2.92682297860938	2.937019
2307	2342	-2.92983687542924	3.1301954
2308	2342	-2.932807029189306	-2.4876304
2309	2342	-2.938966052008411	-3.1250284
2310	2342	-2.950019923218552	2.6751702
2311	2342	-2.9655093406918835	2.6906173
2312	2342	-2.9730550185064835	2.348644
2313	2342	-2.9763576195209893	-2.58349
2314	2342	-3.006833409280013	2.7084677
2315	2342	-3.0095236074573917	-2.639826
2316	2342	-3.013372996719333	3.071637
2317	2342	-3.0208486856382604	-0.42154074
2318	2342	-3.0290023919840077	1.6404817
2319	2342	-3.036154382260454	-1.6630049
2320	2342	-3.0372217129194468	-2.541339
2321	2342	-3.0420684439447085	2.8328211
2322	2342	-3.0487348862574333	1.4858787
2323	2342	-3.0501696586187017	2.2155135
2324	2342	-3.0509001677172747	1.3683317
2325	2342	-3.0539709305148683	-2.3135839
2326	2342	-3.065952154592659	2.8141854
2327	2342	-3.0669363734380415	1.3200119
2328	2342	-3.070173359862855	-2.529135
2329	2342	-3.075680611091018	-3.1146612
2330	2342	-3.0819796117014664	0.2437172
2331	2342	-3.086489521166308	-1.5910127
2332	2342	-3.100789127413222	0.098517895
2333	2342	-3.1053471542438382	1.6080287
2334	2342	-3.1092665324014503	-0.20763111
2335	2342	-3.1121317028180084	1.0435617
2336	2342	-3.119624888960854	-2.2862089
2337	2342	-3.122958110117217	-1.9680923
2338	2342	-3.131168682440697	-2.337741
2339	2342	-3.137493928887022	-2.3329916
2340	2342	-3.1396460874289254	-2.245645
2341	2342	-3.1407746583716305	-1.8313473
