gene	angle_pred
0	2.91164980367356
1	2.92169217305469
2	2.93096865092769
3	2.93245141687519
4	2.93932605899363
5	2.95140263618389
6	2.97322748037806
7	2.97522492540953
8	2.98682358627763
9	2.99868571381305
10	3.00292568914905
11	3.00716566448396
12	3.01487972365263
13	3.02071888043161
14	3.03275256763806
15	3.03568133672264
16	3.04596266417445
17	3.06120084138138
18	3.0655756136047
19	3.07672086664472
20	3.08490058781016
21	3.09211834925474
22	3.09841704090338
23	3.1148745173207
24	3.11978235000948
25	3.14000188541672
26	-3.1380366309357
27	-3.12282296234475
28	-3.12222863054747
29	-3.11635883815889
30	-3.0837073521416
31	-3.075307054285
32	-3.06292412069031
33	-3.06029558110104
34	-3.0494076677016
35	-3.0256895401108
36	-3.0127674189435
37	-3.0062604048741
38	-3.00452642654902
39	-2.99983917065344
40	-2.98520145257675
41	-2.98215014089876
42	-2.94707843803349
43	-2.94084101778935
44	-2.93638659292078
45	-2.92742259899999
46	-2.9193286578079
47	-2.91187193833269
48	-2.90228297697403
49	-2.89531642805384
50	-2.88650561244863
51	-2.88228401860306
52	-2.87275020144576
53	-2.86689266340028
54	-2.86239534862597
55	-2.85773872842478
56	-2.84759832522734
57	-2.83484776387292
58	-2.82828560567787
59	-2.82682122116965
60	-2.80680388148029
61	-2.8052108272053
62	-2.80437141014506
63	-2.79764381940079
64	-2.77978935727255
65	-2.77191599288676
66	-2.77002270915554
67	-2.76847867193797
68	-2.75874878661726
69	-2.7547293881486
70	-2.74346159275056
71	-2.73624995861379
72	-2.73092548107517
73	-2.71126351512448
74	-2.70705417557933
75	-2.69462222516635
76	-2.68951219725107
77	-2.68438378794166
78	-2.67910832747055
79	-2.6644767367631
80	-2.6572467212581
81	-2.63554442049414
82	-2.62267131663512
83	-2.61556997091129
84	-2.60584621279276
85	-2.60134277094348
86	-2.58022254775237
87	-2.57303542219758
88	-2.5646596330842
89	-2.55858151838209
90	-2.55240536957356
91	-2.53868672158128
92	-2.52798262241665
93	-2.52034821626107
94	-2.51026908454271
95	-2.49908706911564
96	-2.49433241488637
97	-2.48694309401136
98	-2.48106104754536
99	-2.4782609483428
100	-2.47312641195034
101	-2.4663130414647
102	-2.46053515624326
103	-2.45500848342408
104	-2.44798066333324
105	-2.44045654557482
106	-2.43005267590949
107	-2.42412773953554
108	-2.41388317530191
109	-2.40806240017109
110	-2.39928222042376
111	-2.39505449954166
112	-2.38204047178742
113	-2.36383676348541
114	-2.35406398841795
115	-2.32586080120692
116	-2.25946107510581
117	-2.25258030622998
118	-2.24547896061557
119	-2.2380896398143
120	-2.23063904769833
121	-2.22722623535643
122	-2.22146060445304
123	-2.21325637514628
124	-2.20145551955329
125	-2.19883923433165
126	-2.18577006249048
127	-2.17717369676804
128	-2.17194112632958
129	-2.16732126905803
130	-2.16137182421742
131	-2.15662942431447
132	-2.14898276400751
133	-2.14572312996703
134	-2.13707774720357
135	-2.1266800047906
136	-2.08263818251934
137	-2.07374771450903
138	-2.06741226039441
139	-2.05971045592612
140	-2.05331985762974
141	-2.0458263756406
142	-2.03597394797493
143	-2.03087004732599
144	-2.02041103363388
145	-2.00620221538996
146	-2.00261171625734
147	-1.9905841568792
148	-1.98165692610583
149	-1.9720802193833
150	-1.9537355873201
151	-1.9485642882367
152	-1.9429885984676
153	-1.92479714471105
154	-1.9159679480615
155	-1.90873793276383
156	-1.8976294431612
157	-1.87877625921624
158	-1.87377651982927
159	-1.87249594932463
160	-1.86660777585656
161	-1.85980665978127
162	-1.85200069412531
163	-1.84421923699747
164	-1.83862516585073
165	-1.83187919396519
166	-1.82516998487049
167	-1.81399409684703
168	-1.81256647518639
169	-1.79727315473943
170	-1.78778222791078
171	-1.78186954593031
172	-1.77826679255822
173	-1.76434594959995
174	-1.75766124904391
175	-1.74258237822476
176	-1.72042667044107
177	-1.70638941200387
178	-1.67539838051754
179	-1.65743975789365
180	-1.6448485025274
181	-1.64133765614128
182	-1.62416943350342
183	-1.62195141187833
184	-1.59529838959685
185	-1.58747404259914
186	-1.57995605218056
187	-1.57033032850874
188	-1.56598619223741
189	-1.5595710855018
190	-1.54656931234988
191	-1.5377156072603
192	-1.53337147099205
193	-1.52695636426097
194	-1.51641157086823
195	-1.50499059766686
196	-1.49934750951417
197	-1.48858213939192
198	-1.48068426683361
199	-1.47141391681138
200	-1.4705009742118
201	-1.46555637905863
202	-1.44943589597898
203	-1.44229778773742
204	-1.43965086691334
205	-1.4341609570564
206	-1.42662458526713
207	-1.42429627528366
208	-1.40933994720812
209	-1.40790619842929
210	-1.39983063906885
211	-1.38965347359431
212	-1.38393073274431
213	-1.37680487877453
214	-1.36705661251122
215	-1.36539615986691
216	-1.36118682050684
217	-1.35124248603732
218	-1.34972295741859
219	-1.34741302883294
220	-1.32885394744118
221	-1.32465686234678
222	-1.3163484720002
223	-1.28896632122728
224	-1.2864664515668
225	-1.28454253226934
226	-1.28041284562468
227	-1.27840927361764
228	-1.26704344464926
229	-1.26276057971775
230	-1.25767506055767
231	-1.25309809331393
232	-1.24782263307755
233	-1.24159134032502
234	-1.23729622113212
235	-1.22952089123866
236	-1.22638379990285
237	-1.2232528356987
238	-1.2201218714947
239	-1.21699090729083
240	-1.21018366417879
241	-1.20695466587115
242	-1.19814385075539
243	-1.18868355970045
244	-1.1851053148976
245	-1.17812651210624
246	-1.17161949844183
247	-1.16619698705525
248	-1.1453586127924
249	-1.1278533980748
250	-1.12124222317893
251	-1.10936784232
252	-1.10851004390921
253	-1.09303290972731
254	-1.07378758967357
255	-1.06599387840177
256	-1.06414348468797
257	-1.05780190358299
258	-1.05576156879279
259	-1.05092113490629
260	-1.04527191966185
261	-1.03707994484485
262	-1.02198269282785
263	-1.00541492925332
264	-1.00411597737554
265	-1.00089310620717
266	-0.99195362135092
267	-0.980428487003392
268	-0.978541330502155
269	-0.972781826894678
270	-0.966195160535417
271	-0.956263080379499
272	-0.943163273241111
273	-0.935749444131597
274	-0.920400979736817
275	-0.918924341046635
276	-0.91592817374586
277	-0.914451535055727
278	-0.913226108756873
279	-0.908704285714201
280	-0.903545240996318
281	-0.890500578046595
282	-0.88719805417177
283	-0.874845757082159
284	-0.860931041463049
285	-0.849669373780998
286	-0.831943582376533
287	-0.825804196622614
288	-0.820222379834546
289	-0.818905046564059
290	-0.81048636789614
291	-0.808991347812501
292	-0.807049047130084
293	-0.803648489153027
294	-0.779624006581534
295	-0.771824168195573
296	-0.767676100177377
297	-0.761365154743623
298	-0.755967151901866
299	-0.743908957132023
300	-0.740324585211209
301	-0.737310036518867
302	-0.723683296088814
303	-0.711839550922329
304	-0.707060388361729
305	-0.703690466043394
306	-0.700547247590138
307	-0.697005765590202
308	-0.689003731867276
309	-0.679868178819304
310	-0.647676229984853
311	-0.64238238837995
312	-0.577532828721639
313	-0.571730435203499
314	-0.562239508530187
315	-0.552472860939906
316	-0.548189996030468
317	-0.529251032603819
318	-0.509056007221779
319	-0.503780547011127
320	-0.497929136440598
321	-0.492837490174457
322	-0.486906426894453
323	-0.481992467441331
324	-0.473874018220022
325	-0.471778539251174
326	-0.466484697645611
327	-0.465755568998543
328	-0.448660872146664
329	-0.439488556308562
330	-0.421922070330577
331	-0.415752048921228
332	-0.415519217924646
333	-0.411162827435926
334	-0.403871540963776
335	-0.394349978629223
336	-0.388847814551546
337	-0.38004925373217
338	-0.373744435428926
339	-0.369479951911753
340	-0.362286699542065
341	-0.353353341828745
342	-0.352440399236619
343	-0.35008145361265
344	-0.341282892791551
345	-0.334451141178772
346	-0.327221126018767
347	-0.299544873068599
348	-0.285483106292164
349	-0.276347553235381
350	-0.266145879298033
351	-0.261305445417586
352	-0.259234474972482
353	-0.257770090545303
354	-0.254136701569011
355	-0.243187517587571
356	-0.241202326983114
357	-0.236294494655296
358	-0.196106639169494
359	-0.187902410093915
360	-0.183950410277605
361	-0.180623377873996
362	-0.174943526974782
363	-0.169919279145668
364	-0.16611433048468
365	-0.161715050068099
366	-0.160183267193202
367	-0.15329024425588
368	-0.141011472729035
369	-0.135251969118116
370	-0.131900428186924
371	-0.125816186605872
372	-0.122305340255302
373	-0.117023752900446
374	-0.111870835306848
375	-0.109101371867602
376	-0.105143244916677
377	-0.0959586747930504
378	-0.0891269231661283
379	-0.0832203683958804
380	-0.0797156491751719
381	-0.0582951974315113
382	-0.0489451947522181
383	-0.0416539082584524
384	-0.0399321843047869
385	-0.0368869999453665
386	-0.0333271365391373
387	-0.0253618655779776
388	-0.0204846688967466
389	-0.00625746953089773
390	0.000237289870415186
391	0.00727123684530014
392	0.0120565265559469
393	0.0142745481632917
394	0.0196051525790081
395	0.0204935866483322
396	0.0338017162949632
397	0.0451001468072248
398	0.0773288585822939
399	0.0779660802601314
400	0.0834253544426217
401	0.095569329112822
402	0.0965374158928849
403	0.0994784390222793
404	0.10288512414733
405	0.109140925429595
406	0.12716081923438
407	0.135671404919588
408	0.145658629303311
409	0.157159255175453
410	0.161025475168133
411	0.16956056938425
412	0.172084947573318
413	0.176655787692639
414	0.180362702266884
415	0.184553660232103
416	0.185772959406252
417	0.186967750054314
418	0.191434428938825
419	0.195294521802266
420	0.201201076596996
421	0.204528109017953
422	0.207855141439108
423	0.212897770689232
424	0.235660064333175
425	0.258532646354434
426	0.260689396655371
427	0.263483368636263
428	0.267263808794859
429	0.28134395707032
430	0.297525711468305
431	0.29857345096188
432	0.307476173092385
433	0.313836135633947
434	0.325177456121966
435	0.333142727130805
436	0.341267303561183
437	0.350219042751917
438	0.353956592996327
439	0.354367110810075
440	0.358147550975659
441	0.363600698054591
442	0.369709448210067
443	0.389377540491489
444	0.417188590619955
445	0.439142102994174
446	0.458050430992772
447	0.46515790360622
448	0.469312098806706
449	0.471615900275
450	0.473306988586914
451	0.478423143444028
452	0.482307744856918
453	0.48635777882248
454	0.493397852993523
455	0.505308996763484
456	0.513752184067565
457	0.520577808638346
458	0.522832593056957
459	0.534927550782891
460	0.536054942992589
461	0.540080468437265
462	0.543223686935451
463	0.546219854276061
464	0.55895203369334
465	0.563712814929849
466	0.571684213114826
467	0.572713571220309
468	0.57877330435375
469	0.587492212594973
470	0.593159809309429
471	0.599262432367254
472	0.60693972824363
473	0.617447758914997
474	0.62006404410303
475	0.623893501345803
476	0.632551138281749
477	0.637158741237887
478	0.641625420168003
479	0.645865395229752
480	0.650068607502442
481	0.650920278793908
482	0.655521754620812
483	0.666366777544104
484	0.670980507636209
485	0.675134702859102
486	0.678817108949423
487	0.680465307349377
488	0.685955217262054
489	0.692995291470541
490	0.697314919249306
491	0.70047651915581
492	0.708582714266259
493	0.714832388502389
494	0.72270575261523
495	0.725236257968619
496	0.737790750632684
497	0.744003662084583
498	0.750345243301477
499	0.756503010571222
500	0.760810384094922
501	0.766545379285252
502	0.770638303203754
503	0.7760608146834
504	0.78471845165787
505	0.796219077706117
506	0.823925966902828
507	0.842491175732541
508	0.867802356501548
509	0.872906257152988
510	0.877421953168244
511	0.878169463227823
512	0.887213109523867
513	0.888659112590425
514	0.898578938714165
515	0.900705053393371
516	0.906286870318467
517	0.913026715125145
518	0.919913611092836
519	0.931003719371615
520	0.933583241795074
521	0.94636443841446
522	0.957111427330835
523	0.963943179124128
524	0.969047079792294
525	0.975180338579624
526	0.982839253151087
527	0.989027656126351
528	0.992563011094021
529	0.995491780027715
530	1.00133093650104
531	1.00879378286642
532	1.0172002075103
533	1.02420351900494
534	1.02489588488333
535	1.03064926151952
536	1.03473605834276
537	1.04199058224041
538	1.04659205812582
539	1.06260838032163
540	1.0664868546727
541	1.08114295364742
542	1.08335484818402
543	1.10563309898409
544	1.10899689427981
545	1.11338392056777
546	1.11684574997151
547	1.11844493134224
548	1.12310155142616
549	1.13006197302684
550	1.13751869229656
551	1.14533691233847
552	1.14611505806378
553	1.14923989522863
554	1.1525056564229
555	1.15482783933615
556	1.16220490590103
557	1.16502338648286
558	1.1692265988294
559	1.17564170572117
560	1.17694678477386
561	1.18692175518815
562	1.20066491160703
563	1.20205577050496
564	1.20836058903441
565	1.21413847423823
566	1.21763093931437
567	1.22767330819398
568	1.23877567086497
569	1.24253772974029
570	1.24626302582588
571	1.24754359635543
572	1.25648308153732
573	1.2603186659961
574	1.26480372641832
575	1.26946647366145
576	1.27514019764052
577	1.28902427813931
578	1.29761451682801
579	1.30724024078321
580	1.31318968569958
581	1.32611793366936
582	1.33032114604402
583	1.33306610106463
584	1.33785751808799
585	1.34315135991547
586	1.34812659089334
587	1.35071836762239
588	1.35482354589359
589	1.35697416913746
590	1.36050952415702
591	1.36756185280254
592	1.37169153960381
593	1.37349291633931
594	1.37774514577676
595	1.38680104651222
596	1.40034813483172
597	1.4119590495219
598	1.42423169444908
599	1.4301750122645
600	1.44092200139051
601	1.44955513005943
602	1.46231794555001
603	1.47319360445937
604	1.47834652228822
605	1.4837751610486
606	1.48868299360855
607	1.49089488818338
608	1.50451550214927
609	1.51480295642802
610	1.520672748687
611	1.52651190528864
612	1.53190378127062
613	1.54206869292681
614	1.54783432395281
615	1.55178632396625
616	1.55252157978278
617	1.55884477980608
618	1.5634094930024
619	1.57896628066837
620	1.58207886362935
621	1.58685189931256
622	1.59460884819165
623	1.59655727610961
624	1.60799050408484
625	1.60887281106712
626	1.61640918320902
627	1.62299584992072
628	1.62749929181322
629	1.63354064379578
630	1.64930575399828
631	1.65097846098903
632	1.6602855742478
633	1.66649235880004
634	1.67045661310047
635	1.6735508146802
636	1.68576218844417
637	1.70725616696962
638	1.71300341664782
639	1.71819309732886
640	1.72121377333394
641	1.73044123391224
642	1.74156197824064
643	1.74712541397322
644	1.75389589468522
645	1.76319688086187
646	1.77380907326404
647	1.77811031983985
648	1.78589790445469
649	1.79242942703738
650	1.79946950156859
651	1.80750829859966
652	1.81218942736022
653	1.82228081357978
654	1.83235381840921
655	1.83557056265336
656	1.83770893168454
657	1.84245133177178
658	1.85711968553785
659	1.86052024374346
660	1.8766713634459
661	1.88438542251983
662	1.8892442381257
663	1.90776043077456
664	1.92757557541099
665	1.9325446794034
666	1.93893527800483
667	1.94453547658941
668	1.94665546423787
669	1.95068098991788
670	1.95298479152512
671	1.9547555326543
672	1.95684488464433
673	1.95951631416859
674	1.96089491885444
675	1.96868250354857
676	1.97265901217816
677	1.97859620303052
678	1.98349178145418
679	1.98967405758818
680	1.99055636458865
681	1.99370571041016
682	1.99713077717001
683	2.00705673093231
684	2.00937891394296
685	2.01272432799053
686	2.01896174832274
687	2.02333039340944
688	2.03671204961471
689	2.04171178929853
690	2.04631939253787
691	2.04922978022295
692	2.05133751362046
693	2.05252005009069
694	2.05408859587516
695	2.05582870135499
696	2.05668649983102
697	2.0579425618853
698	2.06237860543384
699	2.08102346804098
700	2.08450980613843
701	2.08569234261102
702	2.09330224053509
703	2.09893920196259
704	2.1097045728681
705	2.11604002734852
706	2.12387050203855
707	2.12588020133362
708	2.13114340772037
709	2.13980104523803
710	2.14739868892329
711	2.15116687510723
712	2.16590875472309
713	2.17236675186581
714	2.18020948084718
715	2.18548494151573
716	2.19071751226186
717	2.1993138784914
718	2.20572898572346
719	2.21078999677944
720	2.21344917208068
721	2.21842440329067
722	2.22585661444842
723	2.22682470131012
724	2.22785405949224
725	2.23676290947606
726	2.24431153615133
727	2.24573915791743
728	2.25603273975417
729	2.25665158009101
730	2.26551141303487
731	2.2674537138953
732	2.26897936977638
733	2.27396072813613
734	2.28216495795968
735	2.29372072902553
736	2.30190045033137
737	2.3116058275269
738	2.3153127424296
739	2.31697319522102
740	2.31990809148379
741	2.32908653533219
742	2.33113299744601
743	2.3337554099755
744	2.34844827270755
745	2.35159761859943
746	2.35198975505294
747	2.35817203132918
748	2.36269998194342
749	2.37149241649595
750	2.37945156108839
751	2.4057798477344
752	2.41310177060566
753	2.4152523939769
754	2.42539892475829
755	2.42895266138628
756	2.43226131273036
757	2.43676475483878
758	2.45806879323991
759	2.4814683108641
760	2.48901081053057
761	2.50050531043609
762	2.50587267819897
763	2.50657117126415
764	2.5118098692541
765	2.52416829481228
766	2.55731607982821
767	2.56406817948427
768	2.56912919066236
769	2.57449655845129
770	2.5763040624446
771	2.58214321941443
772	2.59387055041893
773	2.59954427482696
774	2.60620446752055
775	2.6127727532344
776	2.61865480014497
777	2.67061900843015
778	2.67242651243609
779	2.67711989572043
780	2.6885960143847
781	2.70743081887675
782	2.70980814618602
783	2.71407875735862
784	2.71521840395585
785	2.71744868009263
786	2.72144357031659
787	2.72638203890799
788	2.73174327962652
789	2.74029062911939
790	2.75329240377072
791	2.76585302491161
792	2.76794850414701
793	2.77842590032903
794	2.78425893025386
795	2.7953612939415
796	2.80242587746289
797	2.80507892574207
798	2.81405517454286
799	2.81564822893819
800	2.82706920353195
801	2.83333113273946
802	2.84767474945814
803	2.85684706652241
804	2.87386211295762
805	2.88173547798842
806	2.88295477732048
807	2.88412505959406
808	2.8960484590997
809	2.91628637719685
810	2.91799584711935
811	2.91979109689484
812	2.93159195378719
813	2.93451459591645
814	2.94318448819069
815	2.94419546502871
816	2.95363737598656
817	2.9547525140755
818	2.96301188849557
819	2.97318292821923
820	2.97806012558364
821	2.9865707124465
822	2.99403968681118
823	3.00073051536811
824	3.01103635203526
825	3.01842567369373
826	3.01936312494922
827	3.0462979989614
828	3.05035416061261
829	3.05418361836613
830	3.06193444086296
831	3.06469777758042
832	3.07700105946981
833	3.08076311877515
834	3.09288258670815
835	3.09962243237891
836	3.10506945311014
837	3.11527112861457
838	3.11650268223461
839	3.11937630734853
840	3.12628771274265
841	3.13060121398356
842	3.13222490408176
843	3.13629332002688
844	-3.13360836399685
845	-3.12455858935677
846	-3.11824151578872
847	-3.11468165182696
848	-3.10549095312552
849	-3.0912882600514
850	-3.0827531645072
851	-3.0791381563423
852	-3.07380755108015
853	-3.06326888319836
854	-3.05575701876051
855	-3.0514925345424
856	-3.04984433590021
857	-3.03522499774766
858	-3.02690435180009
859	-3.0198458951447
860	-3.00325362028142
861	-3.00191790539108
862	-3.00099270837979
863	-2.9955947046237
864	-2.99335830125068
865	-2.98847497662367
866	-2.98163709671585
867	-2.97509331916579
868	-2.96715255539211
869	-2.95750844876443
870	-2.95494118022619
871	-2.95155900305798
872	-2.94489880997197
873	-2.93997872252871
874	-2.93502187228793
875	-2.92799405123824
876	-2.92001652463594
877	-2.90866294797939
878	-2.90377349618311
879	-2.9028115363683
880	-2.89563053698378
881	-2.89500556946033
882	-2.88180772586877
883	-2.87884219369469
884	-2.8779782679992
885	-2.8743693869017
886	-2.86346309087833
887	-2.83587261274402
888	-2.83317667439274
889	-2.82744167826143
890	-2.82261349775539
891	-2.81616162710122
892	-2.80744271736971
893	-2.80597833267062
894	-2.80202020498924
895	-2.8015913057048
896	-2.79825814555081
897	-2.78794618131793
898	-2.78716803547227
899	-2.78326505197784
900	-2.76939322365969
901	-2.76170367217706
902	-2.76042310145153
903	-2.75623826984503
904	-2.74966385649799
905	-2.74420458129249
906	-2.73791201604095
907	-2.7332982851385
908	-2.72896640233716
909	-2.72209788660471
910	-2.71561538022694
911	-2.69410301735136
912	-2.69183597825342
913	-2.69020003382298
914	-2.68656051699929
915	-2.67600959448312
916	-2.66056309291745
917	-2.65665398224392
918	-2.64375636786401
919	-2.63967569746782
920	-2.62885518106419
921	-2.62241556455817
922	-2.61744033277343
923	-2.61388659578288
924	-2.60780848009966
925	-2.59695732799909
926	-2.59227007144168
927	-2.58828130801664
928	-2.58100227429693
929	-2.57576357578335
930	-2.56696501312764
931	-2.56284145277177
932	-2.54091244455128
933	-2.53463826057566
934	-2.52787390597261
935	-2.51645293043697
936	-2.50739090101946
937	-2.5058652449504
938	-2.49637431622646
939	-2.48875216300337
940	-2.48755737210373
941	-2.47679199973494
942	-2.47405317136153
943	-2.46823852230679
944	-2.46589795756516
945	-2.45042082001901
946	-2.44449588255935
947	-2.43613234622198
948	-2.42740118190625
949	-2.41854747492564
950	-2.4097734206644
951	-2.40477980737677
952	-2.40070526401752
953	-2.39718216261531
954	-2.3947313094652
955	-2.38981122176453
956	-2.38467668441053
957	-2.36603181903213
958	-2.35609973660612
959	-2.35309131435171
960	-2.34502800744939
961	-2.34046329343259
962	-2.33228357099445
963	-2.32677527850228
964	-2.31895705689513
965	-2.31226010060751
966	-2.29214472318513
967	-2.28790474718945
968	-2.28397725497213
969	-2.28000074568963
970	-2.26553458478827
971	-2.26384962322486
972	-2.26003241939102
973	-2.25737324368565
974	-2.25002681126075
975	-2.23217234577753
976	-2.2240906573752
977	-2.22225864461284
978	-2.21931149364656
979	-2.21360100570099
980	-2.20557446147983
981	-2.19882848804901
982	-2.19429440962777
983	-2.18067992008497
984	-2.17531255156495
985	-2.17132378797103
986	-2.16390995701625
987	-2.16119563708671
988	-2.15881218233981
989	-2.14756276609691
990	-2.13369706403164
991	-2.13016170826535
992	-2.12416324501238
993	-2.11853240973871
994	-2.11254620074435
995	-2.11040783130736
996	-2.10502820848088
997	-2.08317885195764
998	-2.07559958833951
999	-2.07340607469624
1000	-2.06236498087496
1001	-2.05952811825392
1002	-2.05644617030826
1003	-2.05129937850803
1004	-2.03169255257593
1005	-2.02923557219835
1006	-2.02391722065559
1007	-2.01854985204477
1008	-2.01127081789629
1009	-2.00431652179781
1010	-1.99729482722954
1011	-1.98861267957523
1012	-1.98220369830919
1013	-1.96853406425525
1014	-1.95797088669334
1015	-1.95249935677965
1016	-1.94875567841574
1017	-1.94000613224981
1018	-1.93495737451433
1019	-1.93317437875998
1020	-1.92826654508379
1021	-1.92735972937304
1022	-1.92112230779255
1023	-1.91658210210106
1024	-1.91090224963356
1025	-1.90614146714184
1026	-1.89974474008331
1027	-1.89174270412048
1028	-1.879690633097
1029	-1.85150582026831
1030	-1.8485157792499
1031	-1.8411877278972
1032	-1.83946600345642
1033	-1.83749306655235
1034	-1.8221568520313
1035	-1.81897686987196
1036	-1.81326638167541
1037	-1.8066123149524
1038	-1.80269707679533
1039	-1.78840860200378
1040	-1.77658936190333
1041	-1.76204354747041
1042	-1.75748496029686
1043	-1.74973413666964
1044	-1.74185464323595
1045	-1.73689779238633
1046	-1.73171423760111
1047	-1.72910407880738
1048	-1.72417173648371
1049	-1.71610842902676
1050	-1.70754882376211
1051	-1.69379340941409
1052	-1.68805228546809
1053	-1.67726240363381
1054	-1.67138035560937
1055	-1.66876406966386
1056	-1.65929764861307
1057	-1.65689581233184
1058	-1.65203086843358
1059	-1.63591038050895
1060	-1.62356420672604
1061	-1.6173941833945
1062	-1.6115917880627
1063	-1.60145750940602
1064	-1.59028774518921
1065	-1.58457725684004
1066	-1.57875648008526
1067	-1.57305211886165
1068	-1.57236587991719
1069	-1.56466407318848
1070	-1.55558978856103
1071	-1.55321858791738
1072	-1.54198755230148
1073	-1.53338505692584
1074	-1.50255332128952
1075	-1.50111344492055
1076	-1.48489492256832
1077	-1.46487145027364
1078	-1.45820512900923
1079	-1.45182065588141
1080	-1.44244614158679
1081	-1.4404180603883
1082	-1.42809639484825
1083	-1.42692611234198
1084	-1.4190466186043
1085	-1.41253347564118
1086	-1.40657790182647
1087	-1.39793864350723
1088	-1.38769407618338
1089	-1.38644414093484
1090	-1.37659171014546
1091	-1.37289704859634
1092	-1.37028688968997
1093	-1.3641658832372
1094	-1.35179520051209
1095	-1.34865810810923
1096	-1.34645234001273
1097	-1.33256825525805
1098	-1.32998873200662
1099	-1.32636759603943
1100	-1.31947457071663
1101	-1.29826243408584
1102	-1.29701249882333
1103	-1.28146183362921
1104	-1.26378505302276
1105	-1.25784173336455
1106	-1.25181263383042
1107	-1.25055044429322
1108	-1.23835132113438
1109	-1.222102162583
1110	-1.21009298052487
1111	-1.20503196808057
1112	-1.20405162668662
1113	-1.19370289783923
1114	-1.17388774736129
1115	-1.17304833003937
1116	-1.16535265006193
1117	-1.16444583426791
1118	-1.14918927123094
1119	-1.14817829416116
1120	-1.13884666944419
1121	-1.12674558025075
1122	-1.10460211876095
1123	-1.09816862827741
1124	-1.09031976988017
1125	-1.0783841132232
1126	-1.07049236486892
1127	-1.0654374794669
1128	-1.0607440949573
1129	-1.05573822661946
1130	-1.04973976259708
1131	-1.04576937987077
1132	-1.04451331743377
1133	-0.993088282944205
1134	-0.992187594263621
1135	-0.977108717765141
1136	-0.969333384849384
1137	-0.963261395151491
1138	-0.957845008777066
1139	-0.953255785477118
1140	-0.94797419604165
1141	-0.940891229229058
1142	-0.934304560258032
1143	-0.922626242979741
1144	-0.92019377080562
1145	-0.917258873647374
1146	-0.916260150814554
1147	-0.914495536238444
1148	-0.910445500699332
1149	-0.889049548918948
1150	-0.876115169104194
1151	-0.871182826250823
1152	-0.868830006801593
1153	-0.863695468521762
1154	-0.861900218263173
1155	-0.879129719020411
1156	-0.88917209159828
1157	-0.893191491479194
1158	-0.906328066684536
1159	-0.912988261287686
1160	-0.91618049807328
1161	-0.927760781218726
1162	-0.930291287533296
1163	-0.933354854498939
1164	-0.93605079342766
1165	-0.939273665872992
1166	-0.944941264751613
1167	-0.947968068907733
1168	-0.955051035713615
1169	-0.96032649801018
1170	-0.967311430661934
1171	-0.969082172359459
1172	-0.970344361942905
1173	-0.971845509748185
1174	-0.979473791447927
1175	-1.1738571116926
1176	-1.18481855393916
1177	-1.19388058471713
1178	-1.20044274492908
1179	-1.21616497002697
1180	-1.23736485261092
1181	-1.2392275012514
1182	-1.2507342583035
1183	-1.25826450558781
1184	-1.26186726018508
1185	-1.26436100358733
1186	-1.26789635971153
1187	-1.26999796655757
1188	-1.27299413491729
1189	-1.27712382300224
1190	-1.2960566659754
1191	-1.30012508271195
1192	-1.30426702505004
1193	-1.31419298153193
1194	-1.33266628939585
1195	-1.33876278733825
1196	-1.34604794919498
1197	-1.353075771434
1198	-1.35649471198049
1199	-1.36272600684372
1200	-1.36676378787838
1201	-1.37022561835413
1202	-1.3779335523992
1203	-1.38592946171479
1204	-1.39251000316858
1205	-1.3998135463773
1206	-1.40743570052433
1207	-1.41387531788894
1208	-1.41832974397926
1209	-1.42185284576836
1210	-1.42616022064931
1211	-1.43332283975638
1212	-1.44145354595496
1213	-1.45001315149211
1214	-1.45841345154882
1215	-1.45888524082965
1216	-1.47156228006666
1217	-1.48297100264984
1218	-1.49235777116505
1219	-1.49813565804603
1220	-1.49879738846268
1221	-1.5043056814659
1222	-1.51356378015378
1223	-1.53582978317666
1224	-1.54155252582615
1225	-1.5817465211977
1226	-1.59332067623145
1227	-1.63641280544663
1228	-1.66394201570597
1229	-1.67623917236318
1230	-1.70323532189322
1231	-1.72197822275377
1232	-1.75761363009615
1233	-1.76874663129384
1234	-1.78660109768671
1235	-1.78869657726782
1236	-1.79163147410718
1237	-1.79446833681318
1238	-1.79743999645022
1239	-1.80207823633529
1240	-1.80285025512702
1241	-1.84078946423655
1242	-1.84511522030354
1243	-1.85044582621886
1244	-1.85372384249852
1245	-1.85815988695728
1246	-1.85872358321431
1247	-1.86773659618868
1248	-1.87078790853278
1249	-1.87475216372524
1250	-1.87525458864905
1251	-1.88366101541869
1252	-1.88838503512321
1253	-1.88925508803868
1254	-1.90052901313288
1255	-1.90244680582411
1256	-1.91294871211957
1257	-1.92886700413545
1258	-1.93520858697453
1259	-1.93867041721813
1260	-1.94862700861925
1261	-1.95598569554923
1262	-1.95759713157056
1263	-1.9654766248114
1264	-1.9682399618639
1265	-1.97819655323232
1266	-1.98429917784409
1267	-1.99037729391919
1268	-1.99918198423446
1269	-2.01039463785951
1270	-2.01326213616139
1271	-2.02130706194799
1272	-2.0225815056363
1273	-2.03073059267755
1274	-2.03321820872028
1275	-2.03580385889205
1276	-2.0441980312456
1277	-2.04704102100447
1278	-2.05250029659501
1279	-2.0554658290132
1280	-2.05831494590168
1281	-2.07998048849141
1282	-2.10394983306199
1283	-2.11467231591474
1284	-2.12173077319163
1285	-2.13519821162698
1286	-2.14185840524091
1287	-2.14250175420981
1288	-2.15296077029794
1289	-2.15392885731664
1290	-2.16754947403114
1291	-2.17575370514205
1292	-2.18256094991946
1293	-2.18674578176488
1294	-2.20361377892096
1295	-2.20941004673445
1296	-2.21354586150407
1297	-2.21554330685883
1298	-2.22158465998446
1299	-2.22281008658148
1300	-2.2316576666073
1301	-2.23503371687815
1302	-2.23722723048361
1303	-2.25063339742448
1304	-2.2550449331596
1305	-2.25925427350496
1306	-2.26446233652068
1307	-2.26952947547562
1308	-2.27575464255566
1309	-2.28406303483337
1310	-2.29150137422637
1311	-2.29566782462521
1312	-2.30324708806674
1313	-2.31564227798299
1314	-2.32102802782303
1315	-2.32491263009488
1316	-2.32696521962275
1317	-2.340977972597
1318	-2.34665782480252
1319	-2.34913931362914
1320	-2.35131444580998
1321	-2.354194198274
1322	-2.3600027202627
1323	-2.36614210742422
1324	-2.37230600311346
1325	-2.37660112326839
1326	-2.37917451908072
1327	-2.38921688987524
1328	-2.39386738372965
1329	-2.39962688863193
1330	-2.40663020150328
1331	-2.41868839898145
1332	-2.42294675631907
1333	-2.42912903337145
1334	-2.43662864398285
1335	-2.45124798295261
1336	-2.45336797091543
1337	-2.46114942961906
1338	-2.47498449555123
1339	-2.47783973944806
1340	-2.48260664878473
1341	-2.48723876119713
1342	-2.48942002048054
1343	-2.49300439317838
1344	-2.49642946042178
1345	-2.49822471033602
1346	-2.50318768791298
1347	-2.51001331386052
1348	-2.51324843998126
1349	-2.51757419573959
1350	-2.52699159885014
1351	-2.53700333383255
1352	-2.54630432140226
1353	-2.55099157798062
1354	-2.55933060569185
1355	-2.56216746816665
1356	-2.56836812653215
1357	-2.57280417065695
1358	-2.57771813113551
1359	-2.58170689456463
1360	-2.58947609890448
1361	-2.59520496803147
1362	-2.59913246012631
1363	-2.60276584984767
1364	-2.60548016965555
1365	-2.60709773270099
1366	-2.6235981011766
1367	-2.64087661548248
1368	-2.64498179440911
1369	-2.65466266411029
1370	-2.66166597680627
1371	-2.66357764221329
1372	-2.67213111947888
1373	-2.67349134294025
1374	-2.67668970621358
1375	-2.67721051249362
1376	-2.69073922150045
1377	-2.69152349448583
1378	-2.6930859133237
1379	-2.7043843460111
1380	-2.71221482158673
1381	-2.72040067085212
1382	-2.72315175342568
1383	-2.73663757244525
1384	-2.74243383995139
1385	-2.75649560941678
1386	-2.77170315266974
1387	-2.77498116863805
1388	-2.78207638824456
1389	-2.78849762325577
1390	-2.79466151869233
1391	-2.79854612078474
1392	-2.80141974599101
1393	-2.80941565407695
1394	-2.81333089182724
1395	-2.81536509985969
1396	-2.8172890195045
1397	-2.82155963094414
1398	-2.82671867661218
1399	-2.82867323191809
1400	-2.83202477346062
1401	-2.83666913998405
1402	-2.84560249933361
1403	-2.85504441068213
1404	-2.87123842214553
1405	-2.87370765658149
1406	-2.88507961467148
1407	-2.88590677757089
1408	-2.89416002516385
1409	-2.90042195466236
1410	-2.90453326062277
1411	-2.91034178230494
1412	-2.91559273492008
1413	-2.92397465227496
1414	-2.92891924825549
1415	-2.93759526796327
1416	-2.94649186443632
1417	-2.94745995137994
1418	-2.95318269318415
1419	-2.95702440529306
1420	-2.96007571730208
1421	-2.96158911904118
1422	-2.96499580473657
1423	-2.97554672697368
1424	-2.99002514115418
1425	-2.991985823564
1426	-2.99819260881537
1427	-3.00677059434972
1428	-3.00965647376733
1429	-3.01722348242788
1430	-3.02208229851255
1431	-3.02752319218373
1432	-3.04373558479681
1433	-3.05464800777865
1434	-3.06788261396407
1435	-3.07219611523605
1436	-3.08235490089586
1437	-3.08952364589776
1438	-3.09165588800004
1439	-3.12500587002634
1440	-3.13107173116005
1441	-3.1385039428277
1442	3.13943041184094
1443	3.13070537523514
1444	3.10835972322684
1445	3.10246542182663
1446	3.09291322237028
1447	3.09165716022297
1448	3.08303628490321
1449	3.08196403672954
1450	3.06671360414411
1451	3.06584967847392
1452	3.05391402454025
1453	3.04757244250121
1454	3.04379200180899
1455	3.03847365088577
1456	3.0307105741391
1457	3.02367662615191
1458	3.01107311482957
1459	3.01023369769286
1460	3.00589568796537
1461	2.99633123432019
1462	2.99584106372999
1463	2.99240986959914
1464	2.98538204876624
1465	2.96771139901746
1466	2.95807341981348
1467	2.95350870620707
1468	2.9524548394418
1469	2.93634048135604
1470	2.9339999167993
1471	2.91074744956426
1472	2.89872601592753
1473	2.88557718995464
1474	2.86669336814781
1475	2.85670001534698
1476	2.84506459109635
1477	2.84160276134504
1478	2.83310442884442
1479	2.80952722378183
1480	2.80574678316117
1481	2.80031814395741
1482	2.79779989258939
1483	2.79080883465785
1484	2.79027577414964
1485	2.78244529910048
1486	2.77561967374847
1487	2.77068120513871
1488	2.76211547422942
1489	2.75345783634177
1490	2.74627683733381
1491	2.74191431916705
1492	2.73175553389102
1493	2.7292617910651
1494	2.68058172542859
1495	2.67667874220016
1496	2.66173466670954
1497	2.65273390948266
1498	2.65205992493902
1499	2.64623914933625
1500	2.63959733801991
1501	2.62485545793259
1502	2.62342170899726
1503	2.61369795019621
1504	2.60638215435419
1505	2.60244240835377
1506	2.596008919553
1507	2.58385881642596
1508	2.58065432629387
1509	2.57873040678853
1510	2.57070386363218
1511	2.56124357155153
1512	2.5581800054646
1513	2.55696070616219
1514	2.55338858810599
1515	2.54803960172164
1516	2.5462259705998
1517	2.5352706582877
1518	2.53367760392535
1519	2.53025866417906
1520	2.52804064233693
1521	2.50801104731968
1522	2.50114865931167
1523	2.49307309914219
1524	2.49079993311654
1525	2.47037207456259
1526	2.46744330540216
1527	2.46703891468131
1528	2.45934936385518
1529	2.45026282690812
1530	2.44650076778268
1531	2.44464424674882
1532	2.44016531316647
1533	2.42951635754115
1534	2.42680816514515
1535	2.41816890886262
1536	2.41283217679276
1537	2.40701140128823
1538	2.400614675368
1539	2.37222767234727
1540	2.35967317869099
1541	2.35018225108763
1542	2.30128773712479
1543	2.2966433710197
1544	2.29242177702829
1545	2.28386830067192
1546	2.25461737225122
1547	2.24044531583261
1548	2.21344917208068
1549	2.21221149141046
1550	2.21167230379178
1551	2.21111473477703
1552	2.21058780142245
1553	2.2100241052757
1554	2.20944202773289
1555	2.20315559027189
1556	2.1925985417928
1557	2.18679614776811
1558	2.18008693820682
1559	2.17947422500501
1560	2.17847550248612
1561	2.1671403082577
1562	2.16264912049265
1563	2.16182808480313
1564	2.1583723823492
1565	2.15164479140379
1566	2.1469759168149
1567	2.13457460164048
1568	2.11660372349197
1569	2.10933694494862
1570	2.1024990656477
1571	2.09518939718669
1572	2.09124965132012
1573	2.08525118910828
1574	2.07830302144172
1575	2.07730429892904
1576	2.06095098368397
1577	2.05732984868808
1578	2.05163774308698
1579	2.04781441273814
1580	2.04396044673034
1581	2.03702453334491
1582	2.0316755471406
1583	2.022791205797
1584	2.01470951874435
1585	2.00195283001554
1586	2.00126046410498
1587	2.00016983461761
1588	1.99967353692956
1589	1.99920174776932
1590	1.99868706868545
1591	1.99822140665719
1592	1.99763320198994
1593	1.99713690430196
1594	1.99664673374595
1595	1.99607078334265
1596	1.99556223139082
1597	1.99490662827222
1598	1.99420813522999
1599	1.99359542203508
1600	1.99308687008332
1601	1.99246190262456
1602	1.99186757082555
1603	1.99131000181826
1604	1.99080144986657
1605	1.99014584674815
1606	1.9896250405326
1607	1.98910423431706
1608	1.98862019089323
1609	1.98812389320551
1610	1.98756019706639
1611	1.96666667714039
1612	1.96608459960616
1613	1.94874481622692
1614	1.94232970909417
1615	1.9395051012743
1616	1.93900880358799
1617	1.92931568087796
1618	1.92149746054179
1619	1.91080561533845
1620	1.90570171444998
1621	1.89749748481359
1622	1.8965661607625
1623	1.88385848917552
1624	1.87450848588248
1625	1.87249265948508
1626	1.86761546248804
1627	1.8610594313509
1628	1.8558146064429
1629	1.8540254839279
1630	1.85265300638227
1631	1.84076024336844
1632	1.83251312383843
1633	1.83126931606417
1634	1.83036862767596
1635	1.82748274855487
1636	1.82409444461922
1637	1.81207301185438
1638	1.80574368461693
1639	1.80146694656226
1640	1.79900996667744
1641	1.79303601309349
1642	1.78980088746114
1643	1.77200769649328
1644	1.76395051808192
1645	1.76216139557584
1646	1.75671437534433
1647	1.74634726822638
1648	1.7415864867681
1649	1.73220584788789
1650	1.72590715633669
1651	1.71245197478097
1652	1.70344509095795
1653	1.70158244287535
1654	1.6993337854864
1655	1.68201851088702
1656	1.66966621309306
1657	1.65621103157637
1658	1.65198943774174
1659	1.64908517725226
1660	1.64048268415935
1661	1.63520722365337
1662	1.62787304685469
1663	1.62302648557985
1664	1.61945436772569
1665	1.61276353977417
1666	1.60380567305136
1667	1.60267828079651
1668	1.5959629443233
1669	1.58036326672167
1670	1.57238574110283
1671	1.57010644806945
1672	1.56635051627037
1673	1.55808501546209
1674	1.54260175339354
1675	1.54094742780716
1676	1.53391960763242
1677	1.53115627119122
1678	1.51927576263774
1679	1.5158813316237
1680	1.51230308665643
1681	1.51156170370952
1682	1.5031736602872
1683	1.4978308013669
1684	1.49368273314645
1685	1.4881866959339
1686	1.48587676725079
1687	1.47986605097044
1688	1.45741011299609
1689	1.45154032075454
1690	1.44853802618484
1691	1.44447573781875
1692	1.44027865255443
1693	1.42790184637821
1694	1.41809843555052
1695	1.38890265270507
1696	1.37971195507015
1697	1.35198055676241
1698	1.34656417229796
1699	1.3424528668965
1700	1.33995299714455
1701	1.33749601731509
1702	1.32483736313553
1703	1.32017461588141
1704	1.31299974461572
1705	1.30272454469425
1706	1.29403627189596
1707	1.29263928586099
1708	1.28937965177973
1709	1.28316061307329
1710	1.27810572939686
1711	1.27656781933309
1712	1.26482823494522
1713	1.26176466908295
1714	1.25797810167773
1715	1.25184484282362
1716	1.23992757162803
1717	1.23826099180064
1718	1.23090230660825
1719	1.22372743536952
1720	1.22341495165209
1721	1.21761868505094
1722	1.2131520060326
1723	1.20740475648756
1724	1.20406546970562
1725	1.20247241546118
1726	1.1969334883967
1727	1.17749822662712
1728	1.17089930578383
1729	1.16823400349386
1730	1.15328380214842
1731	1.1473221030078
1732	1.14633563480481
1733	1.13038671100649
1734	1.12706580562984
1735	1.12150237005514
1736	1.12022179953206
1737	1.1060191082803
1738	1.10381334087348
1739	1.10274109282856
1740	1.09035815969587
1741	1.0891511147545
1742	1.08310363578512
1743	1.07236890108299
1744	1.06890094455344
1745	1.06788996782671
1746	1.05985729819933
1747	1.04734569532151
1748	1.03827141331629
1749	1.03153769561148
1750	1.0201105950516
1751	1.01313179208467
1752	1.00737841545215
1753	1.00582825114135
1754	0.991803246768176
1755	0.975033287419873
1756	0.972233188253079
1757	0.968342459651976
1758	0.965634267460658
1759	0.962503303185494
1760	0.951989145269848
1761	0.932419086782083
1762	0.923032321100089
1763	0.916537561556871
1764	0.904540637800623
1765	0.862392099269326
1766	0.861748750447891
1767	0.854996651389462
1768	0.841866208306409
1769	0.834489141826361
1770	0.831707424067729
1771	0.829697724894246
1772	0.822835337473572
1773	0.818472819756926
1774	0.817449588775721
1775	0.809894835484386
1776	0.807290804544969
1777	0.804257874392271
1778	0.794638277748255
1779	0.791746271623996
1780	0.787040634541015
1781	0.774498396121376
1782	0.762446328235651
1783	0.730334031465612
1784	0.718845659703647
1785	0.712197721912507
1786	0.710249294062448
1787	0.700427502102993
1788	0.698362658753173
1789	0.696493883614719
1790	0.695476779768915
1791	0.686212556789232
1792	0.671924085902132
1793	0.667469661231404
1794	0.662610845875943
1795	0.657623360757664
1796	0.653444657010458
1797	0.640828893061083
1798	0.635075516497008
1799	0.627116372561633
1800	0.625008639294975
1801	0.619089830180532
1802	0.610315777747631
1803	0.604874884899229
1804	0.595445229390205
1805	0.592007908571719
1806	0.588815673016867
1807	0.586303549067941
1808	0.581579530618098
1809	0.57868139738003
1810	0.571359475141078
1811	0.567358458219467
1812	0.559601509640628
1813	0.556225460141164
1814	0.553002588931425
1815	0.546611990696936
1816	0.540975029647249
1817	0.534461888783243
1818	0.530785609838841
1819	0.52710320376321
1820	0.51831689708829
1821	0.508060078838422
1822	0.504549232448835
1823	0.496289859093728
1824	0.488165282634773
1825	0.486829567953139
1826	0.473104793245268
1827	0.467798697310316
1828	0.461843125430316
1829	0.459245221647534
1830	0.449417302621665
1831	0.439662909176784
1832	0.432408385410168
1833	0.430502847495321
1834	0.424547275620519
1835	0.416490097622464
1836	0.410724466827804
1837	0.408794420387677
1838	0.400988454786241
1839	0.397232523143336
1840	0.386013745268924
1841	0.380487072608713
1842	0.37454988213524
1843	0.367810037429442
1844	0.366878713433808
1845	0.364905777074701
1846	0.357271371164159
1847	0.34688588318994
1848	0.335716122380097
1849	0.323811105787505
1850	0.318603043974889
1851	0.306122077021502
1852	0.301949500441326
1853	0.292311522526925
1854	0.279174952505441
1855	0.27651577741755
1856	0.212223786220781
1857	0.206347867082538
1858	0.20137876341137
1859	0.194657300123204
1860	0.18357331918758
1861	0.183003495955459
1862	0.182360147145006
1863	0.18141044175816
1864	0.147172030789822
1865	0.140107448142585
1866	0.130365309020681
1867	0.125494239460309
1868	0.116658915805869
1869	0.11138958269771
1870	0.104000262083986
1871	0.100575195564317
1872	0.0886946875484852
1873	0.0813176212003947
1874	0.0750189300001854
1875	0.0689224341406284
1876	0.0599645678635652
1877	0.049156307870097
1878	0.0419262926826645
1879	0.0413013252681922
1880	0.0131103931760031
1881	0.0112599994594028
1882	0.00789620425947695
1883	-0.00274662317535104
1884	-0.0107609111909152
1885	-0.0183279186054516
1886	-0.025386374104013
1887	-0.0356677007752648
1888	-0.046267638283575
1889	-0.0731412370702094
1890	-0.0744034261602965
1891	-0.093354643903926
1892	-0.0988322994682547
1893	-0.119278537293274
1894	-0.1255649742143
1895	-0.136514158207346
1896	-0.14693640889013
1897	-0.162842442264009
1898	-0.170593263610563
1899	-0.17515184944574
1900	-0.177173802840313
1901	-0.184023935855584
1902	-0.189801820858292
1903	-0.192565157163829
1904	-0.198955755315839
1905	-0.203924858960155
1906	-0.209132920732635
1907	-0.214071388719031
1908	-0.219622569854858
1909	-0.22551074322271
1910	-0.228353732236847
1911	-0.230737186388735
1912	-0.23157047627216
1913	-0.233102259146089
1914	-0.238249049602353
1915	-0.246269464729614
1916	-0.248965402587405
1917	-0.250166320360402
1918	-0.253334047343206
1919	-0.255662357311175
1920	-0.25913644086857
1921	-0.261728217490695
1922	-0.263057805024957
1923	-0.266501252924692
1924	-0.26860898615865
1925	-0.271084347282211
1926	-0.272891851072903
1927	-0.274319472710958
1928	-0.276917376464291
1929	-0.280936774724072
1930	-0.283246703297096
1931	-0.285127732665553
1932	-0.290642151009424
1933	-0.29252930750928
1934	-0.296346510429369
1935	-0.300568104027879
1936	-0.302626820209404
1937	-0.304814206152243
1938	-0.316547662959955
1939	-0.330321454553518
1940	-0.331467228142434
1941	-0.338011004575239
1942	-0.351429422540636
1943	-0.352244331028914
1944	-0.354750327808634
1945	-0.377243027509758
1946	-0.385710723228801
1947	-0.388094177378313
1948	-0.394264198788369
1949	-0.395256794089673
1950	-0.39790984202462
1951	-0.408099261691352
1952	-0.418595037932108
1953	-0.422387732323729
1954	-0.423858243881048
1955	-0.426627707313976
1956	-0.429685145926844
1957	-0.437380823076521
1958	-0.437766832360297
1959	-0.443906218111717
1960	-0.450247799202127
1961	-0.45499632610549
1962	-0.459113758465513
1963	-0.46399095513
1964	-0.465767823261519
1965	-0.476422904918957
1966	-0.480258489230303
1967	-0.486765502870237
1968	-0.494773663724524
1969	-0.503155579599409
1970	-0.511623275314982
1971	-0.513559448864979
1972	-0.516053191380314
1973	-0.526640874590276
1974	-0.529367448102075
1975	-0.533668694406061
1976	-0.537430753139157
1977	-0.54583717753944
1978	-0.550457034680673
1979	-0.5554016297907
1980	-0.567539477266419
1981	-0.571277027473464
1982	-0.577784041112603
1983	-0.587428146073042
1984	-0.594639779833165
1985	-0.596159308441926
1986	-0.60019708809182
1987	-0.60547867543357
1988	-0.618768423628818
1989	-0.625428615555202
1990	-0.626991034084395
1991	-0.631286153256817
1992	-0.649385699669778
1993	-0.658876626343503
1994	-0.664574858626699
1995	-0.666933804249328
1996	-0.679653729217241
1997	-0.684696358431489
1998	-0.700859731296016
1999	-0.702575328112606
2000	-0.704738205527819
2001	-0.707630211590105
2002	-0.711588338531321
2003	-0.717666452967455
2004	-0.719308524206267
2005	-0.73278821348041
2006	-0.734810166871582
2007	-0.742946997488313
2008	-0.752015152091569
2009	-0.75688009449371
2010	-0.765262010370661
2011	-0.772810636365347
2012	-0.782093240571801
2013	-0.792270405976144
2014	-0.809279322992545
2015	-0.811056191124744
2016	-0.823377852552258
2017	-0.824443973431653
2018	-0.836134540316453
2019	-0.838315799127328
2020	-0.847200139789877
2021	-0.852665541080447
2022	-0.858045162530306
2023	-0.860489887995619
2024	-0.866280027255719
2025	-0.88040306534606
2026	-0.886395399946174
2027	-0.886989731701004
2028	-0.88997977186967
2029	-0.898845731140644
2030	-0.90012017449132
2031	-0.917368049647042
2032	-0.921411956433424
2033	-0.922153339344274
2034	-0.934340203887689
2035	-0.944456097986699
2036	-0.948714454376291
2037	-0.949909245018001
2038	-0.966477008584271
2039	-0.972941132313605
2040	-0.973774422197223
2041	-0.977861218905938
2042	-0.987272492886389
2043	-0.989968430745519
2044	-1.0022165666109
2045	-1.0143421598477
2046	-1.01628446053305
2047	-1.0313265683657
2048	-1.03640596037975
2049	-1.03757624249642
2050	-1.04646671030463
2051	-1.05302274101141
2052	-1.05708502919724
2053	-1.06617769234686
2054	-1.0671641605188
2055	-1.07126321149427
2056	-1.08640948057113
2057	-1.09899460868145
2058	-1.11232724683732
2059	-1.116536586182
2060	-1.12901755306115
2061	-1.13236909399564
2062	-1.13480769233563
2063	-1.13886385339376
2064	-1.14930448548391
2065	-1.1570430525798
2066	-1.16715894670234
2067	-1.17363532470881
2068	-1.17655183930793
2069	-1.18082244997113
2070	-1.19381196877607
2071	-1.22423317674108
2072	-1.24086221167457
2073	-1.25043891823538
2074	-1.25691529624945
2075	-1.25936002172512
2076	-1.26273607119168
2077	-1.2733727715085
2078	-1.27681009229097
2079	-1.27834800230245
2080	-1.283690860988
2081	-1.28600691670275
2082	-1.28756933524053
2083	-1.30030151454197
2084	-1.30468854071189
2085	-1.30934516066912
2086	-1.3189034858456
2087	-1.32575361888967
2088	-1.33306328679892
2089	-1.33767088970613
2090	-1.37312859985667
2091	-1.37743597332211
2092	-1.38433512342534
2093	-1.39037034798349
2094	-1.39870324686688
2095	-1.41615944460542
2096	-1.42711475578997
2097	-1.43161819746884
2098	-1.43480430586773
2099	-1.43644637711954
2100	-1.44381118922718
2101	-1.44896410685054
2102	-1.46003583354123
2103	-1.4607281994052
2104	-1.47007207500395
2105	-1.47182443462463
2106	-1.48130310711936
2107	-1.50609960847653
2108	-1.50752110299504
2109	-1.52246517683658
2110	-1.53016698119218
2111	-1.54012969709079
2112	-1.54618943019375
2113	-1.55195506098305
2114	-1.5559499507546
2115	-1.56344343264296
2116	-1.57121876258403
2117	-1.57232164626372
2118	-1.5860770566044
2119	-1.60201372578393
2120	-1.60919472397053
2121	-1.61320799514189
2122	-1.62132031732757
2123	-1.62512526602697
2124	-1.62669993883826
2125	-1.6288995790689
2126	-1.64237926850711
2127	-1.64357405916207
2128	-1.65684542613175
2129	-1.66150817325368
2130	-1.6664588955598
2131	-1.67176499149747
2132	-1.67747547811938
2133	-1.68734628707825
2134	-1.69619386506702
2135	-1.70626074224083
2136	-1.71380936833998
2137	-1.72186041922979
2138	-1.73455583585697
2139	-1.73989256746163
2140	-1.7425701239616
2141	-1.74679171761983
2142	-1.75258798409474
2143	-1.75435872512161
2144	-1.75568831267471
2145	-1.75884378543916
2146	-1.7671460487333
2147	-1.77218867802651
2148	-1.77420450431766
2149	-1.792524627759
2150	-1.81192925350097
2151	-1.81434334334771
2152	-1.81506021774385
2153	-1.82787817703459
2154	-1.8303903009879
2155	-1.84156006188489
2156	-1.86847042386301
2157	-1.88163762967456
2158	-1.90003127875064
2159	-1.92293449670151
2160	-1.93412876615513
2161	-1.94436107594913
2162	-1.94867457660577
2163	-1.95429928342877
2164	-1.95955023522411
2165	-1.96351448938055
2166	-1.97553592161682
2167	-1.98628903761181
2168	-1.98964057860928
2169	-2.00110444187755
2170	-2.00652695336614
2171	-2.01079756410979
2172	-2.01780087556012
2173	-2.03194229536141
2174	-2.05203315998634
2175	-2.05342401886754
2176	-2.05621186376178
2177	-2.06599689298601
2178	-2.0676512185283
2179	-2.08015669420469
2180	-2.08605099484379
2181	-2.09530909075643
2182	-2.09649775429539
2183	-2.1032314719732
2184	-2.10983651988798
2185	-2.11408874925134
2186	-2.1204977289558
2187	-2.12623885131176
2188	-2.13840120764062
2189	-2.1413238494393
2190	-2.14409331294693
2191	-2.15908027697739
2192	-2.17157962556162
2193	-2.17608919446397
2194	-2.17846652154865
2195	-2.18515122219249
2196	-2.18617445318027
2197	-2.18989362210027
2198	-2.19876570875165
2199	-2.21013766512666
2200	-2.21169395657059
2201	-2.22307204008266
2202	-2.22557803693652
2203	-2.25223718685599
2204	-2.27027546252334
2205	-2.27116389661733
2206	-2.28616311498106
2207	-2.29099742188199
2208	-2.29510260011288
2209	-2.31163972854513
2210	-2.3195682369562
2211	-2.3267798709613
2212	-2.33863587079569
2213	-2.3439971110327
2214	-2.35112909233261
2215	-2.36031366275532
2216	-2.36326081310515
2217	-2.36903257117173
2218	-2.38234070124118
2219	-2.38846170581973
2220	-2.39444791350212
2221	-2.40463733354213
2222	-2.40714945754544
2223	-2.41184896757182
2224	-2.42089874111933
2225	-2.42603327750053
2226	-2.42798783251944
2227	-2.42879048677489
2228	-2.43216040922177
2229	-2.43707436886333
2230	-2.44338531453913
2231	-2.45482466947224
2232	-2.4636354848985
2233	-2.47037532980258
2234	-2.47641668169096
2235	-2.47821193128893
2236	-2.48561350642465
2237	-2.4869492211431
2238	-2.4944181947307
2239	-2.50166659157807
2240	-2.50383559621415
2241	-2.51067960236945
2242	-2.51149451089121
2243	-2.52493743793856
2244	-2.53016388131871
2245	-2.53513298516659
2246	-2.53558026578427
2247	-2.54569003317255
2248	-2.55326929515084
2249	-2.55747863466616
2250	-2.57503899428295
2251	-2.57992231829607
2252	-2.59572419111376
2253	-2.59753782211644
2254	-2.60971243293893
2255	-2.61361541587641
2256	-2.6288107026726
2257	-2.63953931041291
2258	-2.64108947475276
2259	-2.64989416311992
2260	-2.66144993366156
2261	-2.66791405769472
2262	-2.67923087010633
2263	-2.68913844221175
2264	-2.69169345616919
2265	-2.6958660329205
2266	-2.70777104999963
2267	-2.71323645156369
2268	-2.71489077714951
2269	-2.73421575085434
2270	-2.73882335397241
2271	-2.74491985012092
2272	-2.74906179122386
2273	-2.75044652301289
2274	-2.76490655408984
2275	-2.77107044869609
2276	-2.78831832476629
2277	-2.7947763217072
2278	-2.80114853880463
2279	-2.81001449855798
2280	-2.8167604707019
2281	-2.82452967386412
2282	-2.84102391276437
2283	-2.84685081514291
2284	-2.84843161515757
2285	-2.85270835318237
2286	-2.86466238740853
2287	-2.87670832861975
2288	-2.90140679711849
2289	-2.90269962194031
2290	-2.91915709811575
2291	-2.93187089673459
2292	-2.94167430772361
2293	-2.95087113266233
2294	-2.96562526621766
2295	-2.97143991437037
2296	-2.98091246025844
2297	-2.99036662475569
2298	-2.99785397992156
2299	-3.04040691093461
2300	-3.04798617309957
2301	-3.0521587499274
2302	-3.05495272207697
2303	-3.06141684624047
2304	-3.06481740445064
2305	-3.06789935180204
2306	-3.07403873797876
2307	-3.07826033186798
2308	-3.08242065443902
2309	-3.09104765618002
2310	-3.10653091854816
2311	-3.1282270927086
2312	-3.13879639529581
2313	3.13976292727113
2314	3.09707519900567
2315	3.09330701285398
2316	3.08791513673305
2317	3.07744386821605
2318	3.06602289423811
2319	3.05600503347321
2320	3.05451001327292
2321	3.04772115105027
2322	3.03838340192364
2323	3.03637370263586
2324	3.03535047159595
2325	3.03104922494847
2326	3.0142670104543
2327	3.01288840575797
2328	3.00835432808922
2329	3.0006402689175
2330	2.99181719885169
2331	2.98550012576694
2332	2.9654705312658
2333	2.95908605971882
2334	2.95359614944224
2335	2.94958287797772
2336	2.93908710084517
2337	2.93441822625162
2338	2.9229175994583
2339	2.91405776655808
2340	2.91104321760336
2341	2.90946241754151
