gene	angle_pred
0	-2.50806764252583
1	-2.50523267127486
2	-2.50444632888412
3	-2.4917820777515
4	-2.48407385300393
5	-2.48292020594454
6	-2.47239252986624
7	-2.47018352854702
8	-2.46237183770033
9	-2.45725026555675
10	-2.45199418747888
11	-2.44716749373288
12	-2.43482916084821
13	-2.43113024763626
14	-2.40244427036244
15	-2.40200453942155
16	-2.39677950118311
17	-2.39616387786596
18	-2.38642254420189
19	-2.38363930601266
20	-2.37487572703164
21	-2.37341168166489
22	-2.36826941631362
23	-2.35868328181271
24	-2.34580692522063
25	-2.34503092944383
26	-2.33549652800103
27	-2.33102679232824
28	-2.31265121234605
29	-2.30540341179828
30	-2.30472570882065
31	-2.30229425538959
32	-2.30133202062755
33	-2.29357723617533
34	-2.2878090009101
35	-2.28210801861301
36	-2.27627770368763
37	-2.26974899256558
38	-2.26413078315406
39	-2.25968691401611
40	-2.25617423980851
41	-2.25031805836156
42	-2.24386694682173
43	-2.23830047046593
44	-2.23129064197079
45	-2.22647429486533
46	-2.2187764167862
47	-2.21808319389475
48	-2.21758138329423
49	-2.21691402692859
50	-2.21576037987796
51	-2.19778831775765
52	-2.19028702528063
53	-2.18416183197642
54	-2.18021977344842
55	-2.17536721321376
56	-2.17336514411927
57	-2.15941274012277
58	-2.15833151934611
59	-2.15593627906108
60	-2.15469468582485
61	-2.15044740229621
62	-2.1468053954706
63	-2.14217011405672
64	-2.13803146993768
65	-2.12129582778618
66	-2.12021978031581
67	-2.11311683235113
68	-2.11107855012409
69	-2.10598284455699
70	-2.1032978991874
71	-2.10244430383873
72	-2.09726065208543
73	-2.08746758545171
74	-2.08073194215842
75	-2.08015770528786
76	-2.07482920099383
77	-2.07029738569196
78	-2.06129583475156
79	-2.06006976143399
80	-2.0439497426296
81	-2.04259433668424
82	-2.0379280154529
83	-2.03005424503951
84	-2.02607597339239
85	-2.02296164370275
86	-2.01406873218181
87	-2.01265641988112
88	-2.00997664782357
89	-2.00574488422729
90	-1.99919030662863
91	-1.99832636467215
92	-1.99036464808013
93	-1.97875057807084
94	-1.96737448010095
95	-1.96639155212736
96	-1.95950588300787
97	-1.95612771476264
98	-1.94855916936903
99	-1.91325136193133
100	-1.91032327123545
101	-1.90996113987732
102	-1.90817117630718
103	-1.90298235127631
104	-1.89894199998159
105	-1.88651054779331
106	-1.88462746473228
107	-1.86945416084015
108	-1.86497407861474
109	-1.86357211293
110	-1.86196321504093
111	-1.85835224807473
112	-1.84162695266133
113	-1.83613807594363
114	-1.82736932379027
115	-1.8254396809863
116	-1.81488613857491
117	-1.81117170551122
118	-1.80557418939088
119	-1.76921102784943
120	-1.74612256721053
121	-1.74131139347398
122	-1.73673819177229
123	-1.73367042185279
124	-1.72917481972839
125	-1.72692960531894
126	-1.70737968538605
127	-1.70411015657053
128	-1.69945935529704
129	-1.68361352181891
130	-1.68260990063246
131	-1.67750902181931
132	-1.60607602528672
133	-1.60152351682162
134	-1.59566733547868
135	-1.58452920965841
136	-1.58093376263398
137	-1.58015776687336
138	-1.57680029188257
139	-1.57119760249182
140	-1.56456542539321
141	-1.55889548303837
142	-1.55073718094714
143	-1.54707965426508
144	-1.54655715045339
145	-1.54318415555034
146	-1.54149765809893
147	-1.53539833142711
148	-1.52967148272085
149	-1.52117174250167
150	-1.51668131370739
151	-1.514482659056
152	-1.51026641543074
153	-1.50499481757356
154	-1.49776253709941
155	-1.49496895236727
156	-1.48952663544524
157	-1.48374805369521
158	-1.47157009359098
159	-1.47051991266458
160	-1.46596223091045
161	-1.46337040507775
162	-1.46193739957751
163	-1.4559208457991
164	-1.44153388444624
165	-1.4352276255881
166	-1.4234687032081
167	-1.38266684630149
168	-1.36030782190588
169	-1.35023022368638
170	-1.33557425051036
171	-1.32652613999954
172	-1.32572945102384
173	-1.32049406632681
174	-1.31616401001171
175	-1.3076797897541
176	-1.29578118817637
177	-1.29434818268225
178	-1.29070617593931
179	-1.28295139169657
180	-1.28104244214005
181	-1.27178739944049
182	-1.23749356041214
183	-1.23219092276142
184	-1.22213401779458
185	-1.22026128137613
186	-1.21982672375419
187	-1.21878688944455
188	-1.21836785173769
189	-1.21738492378334
190	-1.21006987048173
191	-1.20807814804835
192	-1.20443614131329
193	-1.20220127354421
194	-1.19642269183632
195	-1.19350494780508
196	-1.18996123386671
197	-1.16872481676815
198	-1.14577603572125
199	-1.14214954890688
200	-1.13500521468436
201	-1.13103728974017
202	-1.12616920972444
203	-1.1229203741776
204	-1.11311696118355
205	-1.10944908793203
206	-1.10895762395618
207	-1.10475172698417
208	-1.09919559740557
209	-1.09550185763028
210	-1.0914821996399
211	-1.09000780771302
212	-1.08297211290482
213	-1.07576052572768
214	-1.06225302636273
215	-1.05397056505385
216	-1.02447237994367
217	-1.01987331180055
218	-1.01906110291594
219	-1.01286348352943
220	-1.00442582308068
221	-0.996733118552885
222	-0.976603788823561
223	-0.970701047827957
224	-0.969666386829692
225	-0.949474977453726
226	-0.935905398470503
227	-0.929299088002584
228	-0.921011453415502
229	-0.918295468298374
230	-0.898243738181982
231	-0.859749175826169
232	-0.8527962539369
233	-0.844767284613828
234	-0.821306346555544
235	-0.818667961019491
236	-0.800820058868184
237	-0.799935423718272
238	-0.797462583942595
239	-0.794218921726602
240	-0.786484830797932
241	-0.782522079192218
242	-0.773903353116326
243	-0.76784541300041
244	-0.760649345792965
245	-0.760219961480841
246	-0.752625549792433
247	-0.745734707580423
248	-0.733836106165924
249	-0.729573302877367
250	-0.727400514793559
251	-0.710778685956098
252	-0.709464666496457
253	-0.704725919154153
254	-0.70250139802203
255	-0.692165134716619
256	-0.686940096710331
257	-0.679174965971475
258	-0.653711958988257
259	-0.640939069062712
260	-0.638905960217076
261	-0.604156870877894
262	-0.590478652601696
263	-0.578885276221967
264	-0.541477108192313
265	-0.513308462808828
266	-0.508398996425211
267	-0.503862007997426
268	-0.437302266760753
269	-0.435227771485214
270	-0.417809253801423
271	-0.409459539654275
272	-0.403479199163233
273	-0.399971698425783
274	-0.391487478354041
275	-0.365977911794436
276	-0.358787017958535
277	-0.351244339389462
278	-0.339919974928411
279	-0.330773571839077
280	-0.323437825471267
281	-0.31676426213347
282	-0.30834212173649
283	-0.292537675234135
284	-0.283774096717711
285	-0.272361786090259
286	-0.255201933715249
287	-0.248093812775564
288	-0.239123302071616
289	-0.237498884331875
290	-0.230168311284151
291	-0.222128995466062
292	-0.220385591714193
293	-0.211342654747115
294	-0.209914822594583
295	-0.208171418843182
296	-0.198942242902162
297	-0.191570283421469
298	-0.184208670551761
299	-0.183991391746067
300	-0.180794289319553
301	-0.179573389363855
302	-0.177907585187065
303	-0.16720401735691
304	-0.165020882691037
305	-0.16292052090359
306	-0.159066408756924
307	-0.149749286642633
308	-0.148067962552248
309	-0.141880689900165
310	-0.133841374097616
311	-0.132232476276296
312	-0.113267140547556
313	-0.108145568707255
314	-0.102201441390284
315	-0.101709977425905
316	-0.0966453119406491
317	-0.088973300792949
318	-0.0889681274880614
319	-0.0811150506706285
320	-0.0786318643254723
321	-0.0716634226450877
322	-0.062144541657985
323	-0.056784997798714
324	-0.0547984487236198
325	-0.0477317142540516
326	-0.0412030034932227
327	-0.0355847943923232
328	-0.0340276296232246
329	-0.0262521523882743
330	-0.0238517389241194
331	-0.0102925068368919
332	0.015574017546007
333	0.0294229546947487
334	0.0371880853094237
335	0.0432511986199255
336	0.071668162273861
337	0.0737478308311509
338	0.0753981150842593
339	0.0767897340938887
340	0.0835874566905252
341	0.0902868864937144
342	0.0914146669546986
343	0.0962206671757492
344	0.107182900186207
345	0.112733856306158
346	0.117741615414749
347	0.11820203954764
348	0.130886983072294
349	0.131869910996168
350	0.144839386284547
351	0.146520710364354
352	0.154942850677084
353	0.159914396647232
354	0.160980097448258
355	0.169929914853998
356	0.189495353824204
357	0.192356191409608
358	0.19362365109929
359	0.19859002376058
360	0.200193748265678
361	0.205863690386503
362	0.229407400773422
363	0.230317902427355
364	0.241078376517996
365	0.241564667173958
366	0.25400646533816
367	0.26588437327074
368	0.276484474903246
369	0.284094406332482
370	0.289609149298133
371	0.290566210694547
372	0.291569831834552
373	0.308579658163027
374	0.311342202949393
375	0.316246495940535
376	0.324823835369011
377	0.325191140012779
378	0.329009038985859
379	0.331983689269559
380	0.347689842764504
381	0.353194239113326
382	0.35419268694721
383	0.375439449915276
384	0.377731223957791
385	0.386375816338423
386	0.387172505283061
387	0.387757088729443
388	0.393447724047848
389	0.407648445816837
390	0.413214921816979
391	0.420385122314386
392	0.440457545057769
393	0.476805184778232
394	0.480048846904012
395	0.486406838534319
396	0.518326129294349
397	0.523276982008479
398	0.528424420305311
399	0.533075221338883
400	0.545330780456449
401	0.550711017467868
402	0.553390789363728
403	0.554901394370598
404	0.564197823127642
405	0.583701182284092
406	0.615511833581902
407	0.659598737169382
408	0.670938621305945
409	0.676525790496402
410	0.682102613076646
411	0.685273848922101
412	0.688253672489596
413	0.692350929894621
414	0.724425419670266
415	0.726184343302552
416	0.732728573875097
417	0.741393859414556
418	0.760602340130642
419	0.767001718164574
420	0.769453864638161
421	0.774265038098666
422	0.783292454966918
423	0.788093281816568
424	0.806939631180089
425	0.813525248180908
426	0.829329694318571
427	0.833675270342503
428	0.862356072091538
429	0.869490059392875
430	0.872092231700522
431	0.880483332063483
432	0.888688193452872
433	0.907896674115546
434	0.908869255414739
435	0.91878130737785
436	0.919888394601174
437	0.931269665120004
438	0.933225174327089
439	0.949081353477151
440	0.973494178723898
441	0.977363810696732
442	0.981430028250775
443	0.984233959439265
444	0.991171361143005
445	0.99790700395966
446	1.00568248103499
447	1.0082794800313
448	1.00890544990888
449	1.00950037995781
450	1.01622050285788
451	1.01675335324946
452	1.01872955567255
453	1.02111444917258
454	1.02508754723746
455	1.03534103729421
456	1.03912789638633
457	1.04059194163636
458	1.04612737774034
459	1.06600321466238
460	1.07069022878194
461	1.07779834953203
462	1.08442017963319
463	1.08900372765587
464	1.10115064724461
465	1.10462710804635
466	1.10517547835136
467	1.11043672929638
468	1.1176948758795
469	1.13428566425233
470	1.13537723155701
471	1.14586352030752
472	1.15095922549637
473	1.15122823734389
474	1.15905544744522
475	1.16014701474942
476	1.16266124086232
477	1.16622564784111
478	1.17389248549285
479	1.18490127801659
480	1.18539791527325
481	1.18819149984187
482	1.19360794992176
483	1.20635497283932
484	1.21118166617545
485	1.21894162330662
486	1.22527892162963
487	1.23303887875887
488	1.2344822307848
489	1.24000732026003
490	1.24615320630488
491	1.25478745193411
492	1.2651599279579
493	1.28234047302856
494	1.28868294464924
495	1.30090746376608
496	1.30144031415495
497	1.3026094810276
498	1.30770001289759
499	1.32226803905963
500	1.32547031469632
501	1.32780347513586
502	1.33305955275541
503	1.33865189518277
504	1.3452582053391
505	1.35129027866833
506	1.38753962498267
507	1.39421836139975
508	1.40079363172132
509	1.43628250220891
510	1.43898814058486
511	1.44961410850752
512	1.45685156182862
513	1.45883811084584
514	1.46310091394506
515	1.46820179241047
516	1.4748546622947
517	1.48730680678053
518	1.48862599948661
519	1.49436836773623
520	1.49771549589588
521	1.50405279418838
522	1.51914849738362
523	1.53216453207528
524	1.56098501269604
525	1.5691381409395
526	1.57738438866685
527	1.58234558789499
528	1.58300777089934
529	1.5917558291827
530	1.59342163330274
531	1.60289912755008
532	1.61019866050921
533	1.61585825587168
534	1.62398551758413
535	1.63485463079558
536	1.64726021550575
537	1.65556854287904
538	1.65794826304802
539	1.66280082287056
540	1.66477185196681
541	1.67384065513064
542	1.68151783932533
543	1.68851214729701
544	1.6941251829098
545	1.70093325191043
546	1.70735332305699
547	1.71315259763764
548	1.72074700895206
549	1.72551679589429
550	1.72979511888879
551	1.73663940101845
552	1.74311637851309
553	1.74905533231748
554	1.75202480921946
555	1.76632899673313
556	1.77047798710718
557	1.7743734855504
558	1.77758093446761
559	1.77874492802623
560	1.79054006275239
561	1.79765335671994
562	1.80565128579086
563	1.8061065366047
564	1.8089415075817
565	1.82068490925516
566	1.8234836670986
567	1.82826897394708
568	1.84212308393446
569	1.85359230045271
570	1.87274904774942
571	1.8870946216732
572	1.89327154747999
573	1.89783440222131
574	1.90017790924818
575	1.90103667782755
576	1.92246450587034
577	1.92353020663713
578	1.92993993115158
579	1.93050382136307
580	1.93527878159411
581	1.93980542319959
582	1.94241276876421
583	1.9507573092312
584	1.9521747947165
585	1.96162642238591
586	1.96579610596595
587	1.97279041390607
588	1.99593060577654
589	1.99993991690908
590	2.00346811070551
591	2.00786024638438
592	2.01507183311678
593	2.02017271153677
594	2.02271797744193
595	2.02728083217411
596	2.03010028322728
597	2.03048310777394
598	2.04406303256954
599	2.05831031366637
600	2.07017787460669
601	2.07430099843767
602	2.07888971968968
603	2.09658242169554
604	2.0977464152484
605	2.10522184050956
606	2.10552189218093
607	2.11076762312491
608	2.11510285244517
609	2.11867760597754
610	2.11911216357046
611	2.12763259637399
612	2.13580124445843
613	2.14424407768969
614	2.14928287644363
615	2.15382503794839
616	2.16780848048333
617	2.17223682928402
618	2.17330253004676
619	2.17414060540385
620	2.17922596389761
621	2.18438892196106
622	2.1896501728129
623	2.19300764754507
624	2.20015715460132
625	2.20416129241687
626	2.2086568941759
627	2.2158064012305
628	2.22901902135692
629	2.23154876734011
630	2.23739460161584
631	2.23976914845867
632	2.24384571253724
633	2.24976914638193
634	2.25304384823646
635	2.27112454804658
636	2.27659790438302
637	2.28796882803708
638	2.29031750835484
639	2.29859996912234
640	2.29959841692247
641	2.30045718549667
642	2.30326111662441
643	2.30551667745771
644	2.31448718774353
645	2.32365428360536
646	2.32789122012348
647	2.32996571529282
648	2.33479240854194
649	2.33837750867211
650	2.34367497264476
651	2.34464755392095
652	2.35844475744922
653	2.37741526563307
654	2.38628230981652
655	2.38752907623895
656	2.39168841318335
657	2.40218504833175
658	2.40646337128237
659	2.40663926364068
660	2.41277480296239
661	2.413111067765
662	2.4175808029872
663	2.41967081806786
664	2.43443542955173
665	2.43523211846843
666	2.45054510024228
667	2.45178669335893
668	2.45584256420652
669	2.46348870848233
670	2.4657339227012
671	2.46709450182457
672	2.48983634906928
673	2.49556319731653
674	2.49709449549277
675	2.4992052037897
676	2.51476133086836
677	2.51611156338152
678	2.51895688093789
679	2.5374410984423
680	2.53893101018048
681	2.54469924486102
682	2.55177632561643
683	2.58327657759618
684	2.58959835587
685	2.59177631712461
686	2.60338521274189
687	2.64419223974576
688	2.68778767792614
689	2.69370076512487
690	2.72098477376814
691	2.72883267689712
692	2.75932930770375
693	2.77912237121991
694	2.79213323236275
695	2.85941723233727
696	2.86676332490363
697	2.87507165212926
698	2.88481298473452
699	2.89250051540358
700	2.89560967148149
701	2.89627702777773
702	2.91132099761711
703	2.92198835174495
704	2.95660810625667
705	2.96570794907937
706	2.9787446767144
707	3.02798419004074
708	3.03444564750276
709	3.04747720182213
710	3.08687191643516
711	3.09310574848973
712	3.09781345568416
713	3.14102089576825
714	-3.13390781725988
715	-3.12768433181919
716	-3.12608060739149
717	-3.10510803052364
718	-3.07514425026169
719	-3.0652063321212
720	-3.04120737207717
721	-3.03938636885789
722	-3.03300768428613
723	-3.01722393195364
724	-3.01482869192441
725	-3.0129611289643
726	-2.99280076094598
727	-2.9921799643943
728	-2.98886387614747
729	-2.98589439930876
730	-2.98357158554475
731	-2.97969678040181
732	-2.97016755333539
733	-2.96952089026089
734	-2.95743087742087
735	-2.94050382478673
736	-2.93430103257839
737	-2.93331810470555
738	-2.92945364617402
739	-2.92064868175607
740	-2.91343192184895
741	-2.90550641921328
742	-2.89309048819275
743	-2.89260937086574
744	-2.8867842298959
745	-2.88083492961626
746	-2.87897253996358
747	-2.86936054003456
748	-2.86366990498556
749	-2.85638589212337
750	-2.85205066287755
751	-2.85126949388459
752	-2.84892598690575
753	-2.84275940783589
754	-2.8402244885875
755	-2.83765335620705
756	-2.83271285032532
757	-2.82471492143253
758	-2.81415103346526
759	-2.80937090002699
760	-2.80811896031701
761	-2.80705325957216
762	-2.79623070637763
763	-2.79170923816959
764	-2.79084012299919
765	-2.78058146000634
766	-2.77520639654257
767	-2.77344229967917
768	-2.77026589066421
769	-2.76001757428282
770	-2.7550046421411
771	-2.74499429777222
772	-2.74177650232157
773	-2.74019864442379
774	-2.73677909009458
775	-2.72879150781929
776	-2.72491670268729
777	-2.7173533313887
778	-2.70409415174702
779	-2.70169373842153
780	-2.69123331655988
781	-2.68882772993014
782	-2.6829042961862
783	-2.67325608314555
784	-2.66823280439931
785	-2.66570823176484
786	-2.65657734918376
787	-2.64452354951716
788	-2.63316814596998
789	-2.6320403655722
790	-2.62651010297961
791	-2.62535128275445
792	-2.61528920535353
793	-2.61200933025238
794	-2.60855873610034
795	-2.60654114731584
796	-2.60447182548564
797	-2.5853564650812
798	-2.57906572671888
799	-2.57833111746936
800	-2.57432180642454
801	-2.55220075606923
802	-2.55183862474915
803	-2.54909677332567
804	-2.54557892621642
805	-2.53531508994543
806	-2.53361307274132
807	-2.52991415997262
808	-2.51928301907871
809	-2.51473051105637
810	-2.50402177059554
811	-2.4879172734699
812	-2.48037459540809
813	-2.47924681501207
814	-2.46803109070734
815	-2.4628681327483
816	-2.46215421671791
817	-2.44580140097974
818	-2.43227838284205
819	-2.42779830108757
820	-2.42306990071411
821	-2.42231459824748
822	-2.41887952401572
823	-2.41010559947249
824	-2.40560482450071
825	-2.40258361463472
826	-2.40241806888864
827	-2.39905024761689
828	-2.38433219613106
829	-2.36198352041668
830	-2.34938652380664
831	-2.3431268252864
832	-2.3338924766436
833	-2.28796905206055
834	-2.27680506082211
835	-2.23258365346274
836	-2.2299659613571
837	-2.2256203855297
838	-2.22304925316524
839	-2.22214909817246
840	-2.21210254072486
841	-2.21044708326705
842	-2.20595665491287
843	-2.19583767120299
844	-2.16983664251305
845	-2.16334414529834
846	-2.15125413255772
847	-2.14821740278525
848	-2.13501512956756
849	-2.10315274683581
850	-2.09653091701121
851	-2.07176113482699
852	-2.06166284434742
853	-2.04951592526763
854	-2.03413569084688
855	-2.0226302615338
856	-2.01439436069529
857	-2.01091272673546
858	-1.99399084756518
859	-1.9772034743155
860	-1.96321485882667
861	-1.95927797406847
862	-1.95688790736907
863	-1.95526866304677
864	-1.9491434704668
865	-1.93519624141761
866	-1.92270271094652
867	-1.92144559794266
868	-1.91409950549243
869	-1.88284239945212
870	-1.87772600126124
871	-1.8725475234161
872	-1.8719732866121
873	-1.86054028357819
874	-1.8586002943757
875	-1.85246992849606
876	-1.84406848192395
877	-1.83963495993384
878	-1.8357601548341
879	-1.832687211938
880	-1.81415126177674
881	-1.81358737158209
882	-1.79815540414606
883	-1.78778810185351
884	-1.78586363256577
885	-1.78168360250002
886	-1.77074723670983
887	-1.76960393640731
888	-1.75988329718408
889	-1.75452375368505
890	-1.71711041528874
891	-1.70869344881197
892	-1.69094901426221
893	-1.68760705953387
894	-1.6823871952602
895	-1.67582227180827
896	-1.66981089194163
897	-1.66515491786266
898	-1.66327183501298
899	-1.65643789972635
900	-1.65009025506603
901	-1.64428063407727
902	-1.63443066225005
903	-1.63185435659368
904	-1.6301937258393
905	-1.62568777759309
906	-1.6222475300803
907	-1.61690350650046
908	-1.61389781656842
909	-1.60046274470435
910	-1.57237687441594
911	-1.55592059271157
912	-1.5506489953977
913	-1.54628789968088
914	-1.54280109242933
915	-1.53897284707906
916	-1.53807269209131
917	-1.53339602479873
918	-1.5171828884117
919	-1.51251139442433
920	-1.50962986380319
921	-1.50426514700958
922	-1.49610684577224
923	-1.49535154331149
924	-1.48809339706209
925	-1.48751398695523
926	-1.48687249719408
927	-1.4864068997868
928	-1.48584300959353
929	-1.48528429270479
930	-1.48483938851561
931	-1.47426515406621
932	-1.46832102716715
933	-1.46176127702992
934	-1.45577576369519
935	-1.45132672180436
936	-1.44960401139784
937	-1.43848657997602
938	-1.4268932045389
939	-1.41493252448158
940	-1.41452383342428
941	-1.41069558807742
942	-1.40845554721911
943	-1.40377887993073
944	-1.40282181859408
945	-1.3998678617118
946	-1.39027655512771
947	-1.37551711732719
948	-1.35757609724774
949	-1.34370646782792
950	-1.34078355077392
951	-1.31696565676431
952	-1.26562578272128
953	-1.24985237724729
954	-1.24845041172311
955	-1.24448766046296
956	-1.24112501252687
957	-1.23635522576227
958	-1.23237178128434
959	-1.20012140093033
960	-1.19688291230354
961	-1.18822797384919
962	-1.18707950024679
963	-1.1866087295359
964	-1.18456010094787
965	-1.18257872531856
966	-1.18078358865182
967	-1.1715647600062
968	-1.16630350931474
969	-1.15173548380219
970	-1.14401691346722
971	-1.13798484040408
972	-1.1292160892535
973	-1.11833662986199
974	-1.10033353015718
975	-1.09213901580941
976	-1.08616902240225
977	-1.08558443899237
978	-1.0832926650935
979	-1.08121816998416
980	-1.07761755004383
981	-1.07506711091947
982	-1.06783483121205
983	-1.06096985612525
984	-1.0582228314297
985	-1.05327715231692
986	-1.05218558506506
987	-1.05178206731319
988	-1.05061807379818
989	-1.0502093827418
990	-1.04906090914034
991	-1.04535682311044
992	-1.03976448093417
993	-1.03119231535997
994	-1.02700193870647
995	-1.01685191525728
996	-1.01042667105579
997	-1.00451875730552
998	-0.999086787570321
999	-0.993778977143515
1000	-0.984813640428805
1001	-0.98038529176896
1002	-0.978083171262424
1003	-0.974084206876982
1004	-0.970504280156842
1005	-0.960793987594037
1006	-0.959992125395213
1007	-0.934554987128521
1008	-0.915010242698984
1009	-0.911761407468436
1010	-0.904787792992862
1011	-0.904337715500753
1012	-0.882702956053716
1013	-0.866557072689875
1014	-0.86450327080101
1015	-0.859273059945585
1016	-0.856608808125122
1017	-0.854135968571402
1018	-0.852858162358511
1019	-0.849811086004724
1020	-0.845108552209244
1021	-0.825258582822949
1022	-0.817612438764851
1023	-0.811694178411558
1024	-0.802749534923385
1025	-0.797622790159668
1026	-0.792966816105948
1027	-0.781595892806311
1028	-0.770328435597375
1029	-0.764622280730089
1030	-0.756479499441961
1031	-0.749847323069016
1032	-0.737824563404404
1033	-0.733680746497785
1034	-0.717395183924237
1035	-0.712309825598634
1036	-0.708916137845299
1037	-0.704337763361082
1038	-0.699645576177924
1039	-0.693510037038908
1040	-0.69229431048103
1041	-0.691683860549841
1042	-0.680576775785228
1043	-0.678160842583126
1044	-0.677545219347475
1045	-0.675144806058911
1046	-0.66429638652018
1047	-0.663163432834478
1048	-0.647136535491237
1049	-0.642133950039274
1050	-0.615744923784163
1051	-0.609355892726976
1052	-0.608300538609047
1053	-0.60337555272543
1054	-0.593592833917008
1055	-0.585543172116202
1056	-0.580768212063542
1057	-0.575134483464158
1058	-0.562946178065036
1059	-0.548978255919102
1060	-0.536329526420987
1061	-0.535051720209966
1062	-0.524668898082616
1063	-0.521285556941064
1064	-0.51981116515921
1065	-0.511756330056392
1066	-0.507095182704146
1067	-0.500845830871303
1068	-0.488016035718276
1069	-0.483184169318074
1070	-0.482356440598563
1071	-0.480954475079897
1072	-0.47690377765885
1073	-0.471782206207045
1074	-0.467503883388292
1075	-0.461259704860929
1076	-0.455346617821491
1077	-0.450431978549968
1078	-0.44575013798087
1079	-0.443013459902396
1080	-0.432371972554053
1081	-0.427410773542502
1082	-0.423706687523514
1083	-0.419888788805672
1084	-0.41602950365192
1085	-0.412237471456668
1086	-0.41158563509023
1087	-0.409930177651667
1088	-0.400411297380138
1089	-0.392501314806934
1090	-0.38726593065789
1091	-0.378186781269226
1092	-0.363882594341255
1093	-0.35848683775343
1094	-0.350126777690429
1095	-0.336433040694206
1096	-0.335838110677386
1097	-0.330085396080014
1098	-0.317705678426175
1099	-0.316810696748756
1100	-0.314994866871458
1101	-0.298548931886411
1102	-0.293432533742465
1103	-0.284311997920867
1104	-0.275170768881579
1105	-0.269542213593238
1106	-0.266722762644613
1107	-0.26346875411862
1108	-0.242009887083214
1109	-0.23879209168893
1110	-0.231373573046935
1111	-0.22345324386938
1112	-0.207550505860966
1113	-0.198041972205049
1114	-0.191016624705373
1115	-0.17891626549974
1116	-0.1783989350506
1117	-0.17109422910882
1118	-0.158295473797625
1119	-0.153577420101787
1120	-0.142372042574438
1121	-0.13709009868933
1122	-0.13109423878459
1123	-0.123582600664221
1124	-0.118735214356605
1125	-0.114627610591184
1126	-0.105144943460367
1127	-0.102599677651158
1128	-0.090695904019303
1129	-0.0816684876842449
1130	-0.076376197191072
1131	-0.0697336742261449
1132	-0.0688076527224787
1133	-0.0641516786817272
1134	-0.0556208995783214
1135	-0.0549173301677426
1136	-0.0508718060569251
1137	-0.0441309903071593
1138	-0.040488983946631
1139	-0.0160658134531321
1140	-0.00557435194951468
1141	-0.00259970186841239
1142	0.00805213207399542
1143	0.0146377486880749
1144	0.0249998775786674
1145	0.0320924780323373
1146	0.0334685770262518
1147	0.0779279557971244
1148	0.0913319877249298
1149	0.106650142312713
1150	0.112775334825887
1151	0.121300940621111
1152	0.122563226916023
1153	0.133530632429036
1154	0.144068653669366
1155	0.150576670714086
1156	0.159045370159272
1157	0.167188151421637
1158	0.176650125327992
1159	0.177612359962526
1160	0.185724101397667
1161	0.190204183083092
1162	0.191337136765657
1163	0.205537857581175
1164	0.207943444167372
1165	0.208579760619203
1166	0.221740647232508
1167	0.22655699370923
1168	0.230566304686059
1169	0.237022588684817
1170	0.240638728520624
1171	0.2445187068852
1172	0.246039658404105
1173	0.277224337845266
1174	0.285273999625093
1175	0.292107934850686
1176	0.310695617867366
1177	0.318936691912714
1178	0.330017910120415
1179	0.33387719526647
1180	0.337193283441547
1181	0.339324684889483
1182	0.346727683607861
1183	0.348207248690631
1184	0.349360895590829
1185	0.350204144221915
1186	0.351342271208655
1187	0.372609725946885
1188	0.381797514712217
1189	0.382470044295261
1190	0.411911320118503
1191	0.421275001235829
1192	0.466060298158473
1193	0.490064430965772
1194	0.492252738762614
1195	0.507451907337228
1196	0.513313261317779
1197	0.521673321364116
1198	0.546841447678957
1199	0.559422924183921
1200	0.56245965391598
1201	0.588377909380078
1202	0.593515000732481
1203	0.597451885444631
1204	0.600845573185976
1205	0.615848156188771
1206	0.629422907153929
1207	0.632190625052677
1208	0.645568790447314
1209	0.647607072413851
1210	0.655511881664759
1211	0.669562576642072
1212	0.672676905941154
1213	0.679448761510069
1214	0.685098010006044
1215	0.686262003514829
1216	0.694896248697746
1217	0.705811921157829
1218	0.707720870512218
1219	0.710473068497403
1220	0.716267169518839
1221	0.719712590304792
1222	0.723752941106332
1223	0.730333384409213
1224	0.731554284267294
1225	0.734632400434908
1226	0.737989875044624
1227	0.743333898575947
1228	0.75363394780232
1229	0.767829495304617
1230	0.797855354525806
1231	0.828838275076276
1232	0.831802578545201
1233	0.840333357638148
1234	0.840364397465047
1235	0.841393885057222
1236	0.844358188526146
1237	0.845672207864903
1238	0.851559428366888
1239	0.856572360411194
1240	0.861445613234454
1241	0.866334385971166
1242	0.868010536623753
1243	0.875051404025517
1244	0.879252127265956
1245	0.884487511403054
1246	0.887788079663402
1247	0.893038983713958
1248	0.898688232209731
1249	0.91773633931732
1250	0.919464223014754
1251	0.921336959237719
1252	0.923359721290705
1253	0.926577516679341
1254	0.930897225922934
1255	0.936318849021485
1256	0.941192101844808
1257	0.949024484832627
1258	0.955403169260633
1259	0.95664993564113
1260	0.963380404774022
1261	0.981952567869489
1262	0.989521112328766
1263	0.995687691273048
1264	0.999314177715962
1265	1.00589979432344
1266	1.01069544757964
1267	1.01973321051234
1268	1.02210258396579
1269	1.02781391211562
1270	1.03190599596212
1271	1.03616879885658
1272	1.04211809901269
1273	1.04341142513359
1274	1.05580666267633
1275	1.06375285836322
1276	1.06722414567176
1277	1.07518586127215
1278	1.07852264266414
1279	1.08443055638456
1280	1.08709480819368
1281	1.09052470906641
1282	1.09141451743762
1283	1.10387700793905
1284	1.10752418760015
1285	1.10989356105374
1286	1.12438916021753
1287	1.13181802545643
1288	1.17016773159645
1289	1.17873989712665
1290	1.18445122527718
1291	1.18937621114613
1292	1.1967016102958
1293	1.19976937985497
1294	1.23373729709929
1295	1.23556864688679
1296	1.23647397517158
1297	1.24362348196916
1298	1.24784489842854
1299	1.25156450435293
1300	1.25425462268492
1301	1.25984696483278
1302	1.26190594001766
1303	1.26571349211836
1304	1.2779793970516
1305	1.28751897052152
1306	1.29624633518745
1307	1.2973896354786
1308	1.30930375570737
1309	1.31101094618742
1310	1.31777762845379
1311	1.33429081637018
1312	1.33951068059572
1313	1.34002801104424
1314	1.36173519666445
1315	1.37072639986007
1316	1.37405283464422
1317	1.37964517679302
1318	1.38082469021572
1319	1.40610145593248
1320	1.41572380227602
1321	1.41935028872059
1322	1.4311971559933
1323	1.43674293840227
1324	1.44192658949727
1325	1.4451495581921
1326	1.44625664535212
1327	1.45297159457511
1328	1.45856911002916
1329	1.46286295275273
1330	1.46491158132929
1331	1.46928302362021
1332	1.48834147734813
1333	1.49174551170025
1334	1.49739476019958
1335	1.4983518215296
1336	1.50893122920481
1337	1.51818627093162
1338	1.52980551280912
1339	1.54915367159061
1340	1.56794311348827
1341	1.5684190575011
1342	1.56994000902039
1343	1.57512366011676
1344	1.57775169879638
1345	1.57833628220346
1346	1.58349406677749
1347	1.58977963172987
1348	1.59735852280425
1349	1.60048837201931
1350	1.62425453283653
1351	1.62672219907731
1352	1.64009001787459
1353	1.64897258168091
1354	1.6538096213775
1355	1.65856906150683
1356	1.66379409904017
1357	1.67096429906128
1358	1.67869838927178
1359	1.68709983576149
1360	1.69018312523682
1361	1.69134194544231
1362	1.69732745873596
1363	1.70065906682684
1364	1.70465803119683
1365	1.7230698218737
1366	1.72924157412945
1367	1.7363445211934
1368	1.74460111515865
1369	1.75268181677144
1370	1.75409930220162
1371	1.7586414635436
1372	1.76199376485299
1373	1.77288874410869
1374	1.78067456736618
1375	1.78458041225621
1376	1.78571853924404
1377	1.79263007404296
1378	1.79459592974926
1379	1.80911739545378
1380	1.81654626070222
1381	1.81933984512716
1382	1.83656177577698
1383	1.83744123754044
1384	1.84216446454069
1385	1.84379405545536
1386	1.8508452694767
1387	1.85465799488669
1388	1.85812410889581
1389	1.86339053286795
1390	1.86475111194917
1391	1.87578577042942
1392	1.88701184117623
1393	1.89319394004389
1394	1.89801545983029
1395	1.90174541236896
1396	1.90626688049496
1397	1.91140914516008
1398	1.91601338615809
1399	1.92093837203469
1400	1.92942259140213
1401	1.9323092953089
1402	1.94016754483305
1403	1.94907080186493
1404	1.95016754241739
1405	1.9542596262712
1406	1.95856381560926
1407	1.98530462653431
1408	1.9861685683847
1409	1.98990369422895
1410	1.99106251443549
1411	1.99449758861918
1412	2.06833099036054
1413	2.06913802586175
1414	2.07634961232775
1415	2.08260413746234
1416	2.09342151716195
1417	2.0940371403969
1418	2.10266621229535
1419	2.10987262545776
1420	2.11626682981452
1421	2.13020888543114
1422	2.13767396381912
1423	2.14417680757098
1424	2.14885347483575
1425	2.15252652102828
1426	2.1822368087537
1427	2.19295072236755
1428	2.20050892023834
1429	2.21311626329917
1430	2.21977430618794
1431	2.24124869315987
1432	2.25195743347182
1433	2.25601847750329
1434	2.27433714873401
1435	2.30158494353255
1436	2.32929833573937
1437	2.36229367184521
1438	2.36371115727853
1439	2.36725487086187
1440	2.37294550581333
1441	2.37402155314962
1442	2.3876583838158
1443	2.38865683158464
1444	2.39713587766321
1445	2.46632365208392
1446	2.47269716323254
1447	2.4800122158011
1448	2.48483373559891
1449	2.53527345452065
1450	2.54004841457923
1451	2.56071059277559
1452	2.56987251505614
1453	2.57996563214832
1454	2.58100546635416
1455	2.60259883936619
1456	2.60775662395999
1457	2.62156934699523
1458	2.62557865798879
1459	2.62968108846358
1460	2.64313685348936
1461	2.65237120203703
1462	2.66165728363024
1463	2.6631420220243
1464	2.67160037489659
1465	2.67671677305623
1466	2.68134688059212
1467	2.68786524427414
1468	2.70056570684573
1469	2.70371624929234
1470	2.7178238506919
1471	2.72038463642462
1472	2.72892576217177
1473	2.73494231531795
1474	2.74922580907339
1475	2.75859466354381
1476	2.75993454941234
1477	2.76706853633416
1478	2.78795833995465
1479	2.7892102796467
1480	2.80303852260946
1481	2.85414042459686
1482	2.88896711059282
1483	2.91265567197191
1484	2.91385587861973
1485	2.92968619044096
1486	2.94117609977362
1487	2.94715643979582
1488	2.95662876036776
1489	3.00869289704431
1490	3.01597173650356
1491	3.02467840801071
1492	3.05767891754827
1493	3.07018279457669
1494	3.07909639826783
1495	3.11605448577763
1496	3.13423865117814
1497	-3.13769471866144
1498	-3.09613756341142
1499	-3.09079871314066
1500	-3.09181268082776
1501	-3.1003900197316
1502	-3.10646347924462
1503	-3.10890010567609
1504	-3.11369058566651
1505	-3.1212022238369
1506	-3.12172472759392
1507	-3.13323015685687
1508	3.14022933781699
1509	3.13913259725787
1510	3.13678391700394
1511	3.13463699562649
1512	3.12869804203311
1513	3.12768924765098
1514	3.12040006157726
1515	3.11466286686087
1516	3.09640110189494
1517	3.09569235917535
1518	3.09137264989905
1519	3.08690808809626
1520	3.0781238170177
1521	3.06789619397811
1522	3.04258838826049
1523	3.0380100137597
1524	3.03081912047625
1525	3.02808761568952
1526	3.02694948869507
1527	3.02307468360948
1528	3.02151751894894
1529	3.0201362466421
1530	3.0019727744735
1531	3.00073635469337
1532	2.99006900077487
1533	2.94933440099773
1534	2.94738923849911
1535	2.94080362184838
1536	2.93763755948378
1537	2.92477155114989
1538	2.90897745246075
1539	2.90433699830967
1540	2.90015179495613
1541	2.89030182315787
1542	2.88334372858435
1543	2.87802557154249
1544	2.87747202795935
1545	2.86577518645061
1546	2.85962412738243
1547	2.85780312419324
1548	2.85672707685418
1549	2.85567172273319
1550	2.84301264658633
1551	2.83503023772103
1552	2.83231942615572
1553	2.82647359205508
1554	2.81913267295024
1555	2.81368000999309
1556	2.81301265371086
1557	2.80927235454777
1558	2.80214871423322
1559	2.79010008802287
1560	2.78084504625002
1561	2.77981555865206
1562	2.77321442209446
1563	2.74104164133652
1564	2.73596662961113
1565	2.73085540475431
1566	2.72495783761202
1567	2.72405250932265
1568	2.71576487549674
1569	2.70916373894155
1570	2.69842913208312
1571	2.69717201908721
1572	2.69511304389228
1573	2.69355587923482
1574	2.69088128080328
1575	2.68787559088316
1576	2.68492163400818
1577	2.67342137808383
1578	2.66792732869512
1579	2.66469918668149
1580	2.66110374004779
1581	2.65465780262985
1582	2.64633912898007
1583	2.63851709256344
1584	2.63162107765409
1585	2.62756003361532
1586	2.62555279146625
1587	2.61930861292535
1588	2.61789112749024
1589	2.61298683481703
1590	2.61194700061102
1591	2.61071058083373
1592	2.60627705887088
1593	2.59316790524971
1594	2.58811358674645
1595	2.58609082468428
1596	2.58280060301798
1597	2.57670645030917
1598	2.57406806501085
1599	2.57023981967609
1600	2.54430087088286
1601	2.54257298717797
1602	2.53769456102921
1603	2.52780320281492
1604	2.52493719211903
1605	2.51482855511617
1606	2.51424397170712
1607	2.50647366834091
1608	2.49701169440204
1609	2.49589943393358
1610	2.48208671090723
1611	2.48049333311998
1612	2.48007429545515
1613	2.47912240742641
1614	2.4768927131852
1615	2.43257301350468
1616	2.42365940984648
1617	2.41691342077517
1618	2.4139905037313
1619	2.40761181927996
1620	2.40105206917124
1621	2.39732211662528
1622	2.38957767978596
1623	2.38762734398879
1624	2.38118140657971
1625	2.36538730793692
1626	2.36337489248596
1627	2.3343423076273
1628	2.29145044001778
1629	2.27005882591326
1630	2.26833611551509
1631	2.26321454406113
1632	2.25712039136152
1633	2.2486827317242
1634	2.24466824743335
1635	2.24099002793495
1636	2.23671170511481
1637	2.23386121433626
1638	2.22846545774464
1639	2.2263961359454
1640	2.21402159158628
1641	2.20885863369751
1642	2.20468377696789
1643	2.20339045084348
1644	2.20008470926954
1645	2.19008988498051
1646	2.17191606628208
1647	2.17043132789146
1648	2.1651028242597
1649	2.16305419567897
1650	2.15562015711723
1651	2.15485968135623
1652	2.1505606653196
1653	2.14682036616865
1654	2.13164706408106
1655	2.11474070498826
1656	2.10767914435159
1657	2.10278002499425
1658	2.09363879595076
1659	2.09154360763014
1660	2.08720320515858
1661	2.08173502230715
1662	2.0708193498226
1663	2.03562535934575
1664	2.03059173407286
1665	2.01676866446472
1666	2.01087627064618
1667	2.00293524824826
1668	1.99921046901283
1669	1.98919495151335
1670	1.98418719276374
1671	1.97125393153064
1672	1.96044689844469
1673	1.95502527533614
1674	1.95156950793494
1675	1.9507366059116
1676	1.9402710109229
1677	1.93495802720905
1678	1.92413547421093
1679	1.91960883278018
1680	1.91383025166239
1681	1.88277490479755
1682	1.88042105125386
1683	1.87865178111774
1684	1.87306978557137
1685	1.86383026374971
1686	1.85950538119498
1687	1.85724982043679
1688	1.83069524848433
1689	1.82276457269999
1690	1.81873974180625
1691	1.81240761710976
1692	1.81190580657417
1693	1.80551160222392
1694	1.80134191880465
1695	1.78559437993628
1696	1.74818104186545
1697	1.73910189248628
1698	1.73503567515757
1699	1.73123329635785
1700	1.72105223312289
1701	1.72036935693031
1702	1.71640660569158
1703	1.71293014507486
1704	1.70586858444726
1705	1.70192652642664
1706	1.69419243621568
1707	1.67785514064013
1708	1.67709983818478
1709	1.67545990066188
1710	1.67011070382066
1711	1.66590480727148
1712	1.66121779340491
1713	1.65662907232367
1714	1.64953129856565
1715	1.64759130938254
1716	1.64678427388236
1717	1.64183342148711
1718	1.64070564110869
1719	1.63988308569506
1720	1.63380962622597
1721	1.63289395133158
1722	1.6209953510091
1723	1.60940714895622
1724	1.60569271633398
1725	1.60261977346826
1726	1.60194724388485
1727	1.59547026666625
1728	1.58143509159146
1729	1.5733802565045
1730	1.56672738693374
1731	1.56341647206186
1732	1.55883809759063
1733	1.55688258849446
1734	1.55616349917073
1735	1.55444596208098
1736	1.55092811502971
1737	1.53686190012934
1738	1.53237147183464
1739	1.52883810487006
1740	1.52699123516824
1741	1.52629801236699
1742	1.51659806645417
1743	1.50703779976268
1744	1.49819144909052
1745	1.49644287217405
1746	1.49128508760095
1747	1.47812420098739
1748	1.47066429591805
1749	1.46576000326504
1750	1.46535131221062
1751	1.46146098723696
1752	1.45141442992478
1753	1.44820698114338
1754	1.44096435486287
1755	1.4369550438862
1756	1.43446668442843
1757	1.42468913895001
1758	1.42308541455938
1759	1.42017284413384
1760	1.41566689592667
1761	1.41341133517086
1762	1.40958308985139
1763	1.39114025935993
1764	1.37945376452706
1765	1.37645324792547
1766	1.37533581415661
1767	1.36545480258944
1768	1.29638084110406
1769	1.2833441138023
1770	1.28151793731917
1771	1.26385110250389
1772	1.2363653357774
1773	1.23205597314184
1774	1.23101613894047
1775	1.22709994744575
1776	1.2221077086183
1777	1.2120818445276
1778	1.21107305015316
1779	1.21062297266302
1780	1.21017806847737
1781	1.20950553889441
1782	1.20588422575539
1783	1.1961118535846
1784	1.19273368575639
1785	1.19035913899813
1786	1.18511340825115
1787	1.18003322324769
1788	1.17659297576573
1789	1.17141449797712
1790	1.166732657419
1791	1.15006944367587
1792	1.14869334468312
1793	1.13687751724172
1794	1.1268723463698
1795	1.12590493843131
1796	1.11968662644168
1797	1.06480821247788
1798	1.04473061777691
1799	1.04030744244344
1800	1.02378390792294
1801	1.02195773144026
1802	1.01680512017466
1803	1.01591013849902
1804	1.00877615161626
1805	1.00153869864386
1806	0.99759664062745
1807	0.995501452311646
1808	0.98333901347105
1809	0.971352466982952
1810	0.967881179674584
1811	0.964492665237952
1812	0.959293494232141
1813	0.95467890663296
1814	0.949541815280964
1815	0.943390756250237
1816	0.942904465628802
1817	0.936246422758719
1818	0.891212807231351
1819	0.883877061474027
1820	0.874580633317537
1821	0.859122799521456
1822	0.853597710333302
1823	0.841135219833058
1824	0.835216959504174
1825	0.83131111461929
1826	0.828507183589346
1827	0.799779823793596
1828	0.798631350198301
1829	0.78186984367237
1830	0.773959861117366
1831	0.758165762529736
1832	0.751802598015211
1833	0.748331310706878
1834	0.741683614445753
1835	0.740602393808728
1836	0.731823296100429
1837	0.726277513694231
1838	0.718326144703238
1839	0.718057132870101
1840	0.712138872541067
1841	0.707638097640483
1842	0.705894694029564
1843	0.704611714517672
1844	0.702133701670102
1845	0.697451861112576
1846	0.690721391979588
1847	0.685185956182264
1848	0.679666040298375
1849	0.676613790653108
1850	0.672894184729461
1851	0.668910740277149
1852	0.660183375613415
1853	0.65339600013098
1854	0.644834181210644
1855	0.628067501379212
1856	0.625092851301108
1857	0.620059226038495
1858	0.614011633097059
1859	0.608305478251524
1860	0.601812981124437
1861	0.598946970440438
1862	0.59438928919024
1863	0.589438436799256
1864	0.583825401434327
1865	0.577275997957797
1866	0.56915908322262
1867	0.556184435576981
1868	0.532516567562731
1869	0.524544505352786
1870	0.518202034055279
1871	0.510731782380188
1872	0.504916988139982
1873	0.455315344744305
1874	0.43612238510672
1875	0.433002882502511
1876	0.429210850315287
1877	0.427565739489174
1878	0.405455036121516
1879	0.404761813320554
1880	0.37195271627729
1881	0.365501605584436
1882	0.349345375677374
1883	0.333421944471764
1884	0.326117238538455
1885	0.318874612258891
1886	0.311673372415127
1887	0.304192774129059
1888	0.295925833561089
1889	0.274399713596019
1890	0.265641309101475
1891	0.263142603034786
1892	0.256562159728669
1893	0.251994131867539
1894	0.237038108598273
1895	0.231859630807612
1896	0.223142612748293
1897	0.218641837845206
1898	0.214166929464513
1899	0.210105885442696
1900	0.206919129879058
1901	0.201523373299669
1902	0.171331968315585
1903	0.16423419455964
1904	0.163551318367368
1905	0.15230455441275
1906	0.132620130839286
1907	0.104601513735654
1908	0.0709698612609132
1909	0.0670071100231408
1910	0.0583056118742735
1911	0.0332823380646687
1912	0.0203076904075743
1913	0.0192937227278163
1914	0.00540340017576386
1915	0.000587053696708062
1916	-0.0231273740807252
1917	-0.0243637938536293
1918	-0.0264072491268462
1919	-0.0306752253304347
1920	-0.0360244221723353
1921	-0.0397595480136306
1922	-0.0419995888575283
1923	-0.0612442815585301
1924	-0.0691904772547213
1925	-0.0746690067094213
1926	-0.0814977686360758
1927	-0.0882178911685693
1928	-0.0917616047442607
1929	-0.0930963173027061
1930	-0.107886794840229
1931	-0.117007330656787
1932	-0.122625539333469
1933	-0.123137696478035
1934	-0.12894731742097
1935	-0.133396359282947
1936	-0.18362914589145
1937	-0.188569651680855
1938	-0.194415485756377
1939	-0.196319261809313
1940	-0.203727433841498
1941	-0.204529296037728
1942	-0.208642073108754
1943	-0.216836587424011
1944	-0.22213922452838
1945	-0.227959192082059
1946	-0.231823650537762
1947	-0.240297523296219
1948	-0.249687070950094
1949	-0.255346666065022
1950	-0.260659649779038
1951	-0.27068034058168
1952	-0.278559283324519
1953	-0.282299582473031
1954	-0.283070404842508
1955	-0.292822083812252
1956	-0.300219909237792
1957	-0.301161450655601
1958	-0.302439256865489
1959	-0.334120573585354
1960	-0.34400158516918
1961	-0.346867595859004
1962	-0.356903806578114
1963	-0.359366299517498
1964	-0.364229205742395
1965	-0.367871212106629
1966	-0.371078660893351
1967	-0.37426024315764
1968	-0.376634789920766
1969	-0.381083831786374
1970	-0.397509073558288
1971	-0.40346872033688
1972	-0.418207464844579
1973	-0.427834984511161
1974	-0.431590803575168
1975	-0.437095199558878
1976	-0.442935860334954
1977	-0.44922142529784
1978	-0.453044497320608
1979	-0.466955513111648
1980	-0.486091566445381
1981	-0.486955508296384
1982	-0.572837536266653
1983	-0.587198629555933
1984	-0.587959105317314
1985	-0.611766652623837
1986	-0.615367272555678
1987	-0.628398826591073
1988	-0.634244660676268
1989	-0.639200686387554
1990	-0.64716240201374
1991	-0.654213616048085
1992	-0.677648685437501
1993	-0.712459851429195
1994	-0.715781112919557
1995	-0.73525343106658
1996	-0.745491400677542
1997	-0.750095641685162
1998	-0.763701432528493
1999	-0.771280323626021
2000	-0.776241522644963
2001	-0.780675044604639
2002	-0.784674008986086
2003	-0.793297907594209
2004	-0.800457761027983
2005	-0.80244430995763
2006	-0.805113735081874
2007	-0.80544999987466
2008	-0.811166501352093
2009	-0.82673297460685
2010	-0.84429117009739
2011	-0.856650194561168
2012	-0.864596390282116
2013	-0.874968865816785
2014	-0.876515683864146
2015	-0.87936617464711
2016	-0.882232185343633
2017	-0.88736410341405
2018	-0.901451011585871
2019	-0.908641904850621
2020	-0.911213037190674
2021	-0.920488772172279
2022	-0.924461870034031
2023	-0.926836416803009
2024	-0.934953331575622
2025	-0.939712771722889
2026	-0.946443240887872
2027	-0.959324769113615
2028	-0.963137494536424
2029	-0.965750013313295
2030	-0.96853325113899
2031	-0.970281828062962
2032	-0.976888137920841
2033	-0.988962630645251
2034	-0.999800703592653
2035	-1.00296676595259
2036	-1.01091813498424
2037	-1.01289951061157
2038	-1.02237183116968
2039	-1.02738993654475
2040	-1.03113540901035
2041	-1.0346687759911
2042	-1.03917989752445
2043	-1.04436872194885
2044	-1.04868843121554
2045	-1.05702779808758
2046	-1.05974378295604
2047	-1.0645083964111
2048	-1.07101641348674
2049	-1.07610694512635
2050	-1.08032318830358
2051	-1.08495329584189
2052	-1.09019385331277
2053	-1.09641216533667
2054	-1.09692432248341
2055	-1.10815039327591
2056	-1.11583275047765
2057	-1.11665530589523
2058	-1.12909710324969
2059	-1.13210796647656
2060	-1.13629316982809
2061	-1.14055597274743
2062	-1.14618970136309
2063	-1.1511922868282
2064	-1.15205105537756
2065	-1.15951613379169
2066	-1.19450319222639
2067	-1.20664493792474
2068	-1.21342196684071
2069	-1.21582755344072
2070	-1.21775202272075
2071	-1.22657768022572
2072	-1.23689842273654
2073	-1.24363406521764
2074	-1.24485496508367
2075	-1.25163199400125
2076	-1.25348921032299
2077	-1.25823313056551
2078	-1.26605516699625
2079	-1.30219587236185
2080	-1.30332365274699
2081	-1.31033348037046
2082	-1.33388753584852
2083	-1.33708981134647
2084	-1.39357195010826
2085	-1.39539812660457
2086	-1.40910738358896
2087	-1.41105254608949
2088	-1.41990924343265
2089	-1.4237737019114
2090	-1.46669143624187
2091	-1.46774679036491
2092	-1.47483939086848
2093	-1.48365987508384
2094	-1.48539810540435
2095	-1.51017823408297
2096	-1.51164745256843
2097	-1.51224238258896
2098	-1.51346328245718
2099	-1.51525324582332
2100	-1.52487041893831
2101	-1.52621030481075
2102	-1.52683110135398
2103	-1.53420823360948
2104	-1.55686213413566
2105	-1.55732773154318
2106	-1.56360294993578
2107	-1.57403750516962
2108	-1.57950568805648
2109	-1.58069554809811
2110	-1.58558949418251
2111	-1.59259932181956
2112	-1.59416165978742
2113	-1.60330806219567
2114	-1.61056620845106
2115	-1.61321494037045
2116	-1.62270278087898
2117	-1.62907111875613
2118	-1.64877623571503
2119	-1.65387711398316
2120	-1.65472553592635
2121	-1.65938151000496
2122	-1.66677416218121
2123	-1.67941254515389
2124	-1.68288383249534
2125	-1.68552221780709
2126	-1.68765361927466
2127	-1.68876070644473
2128	-1.69327700130213
2129	-1.70340115827399
2130	-1.70622578254937
2131	-1.70970224319607
2132	-1.71434269736301
2133	-1.72149220422924
2134	-1.72241822574088
2135	-1.72965567878464
2136	-1.7517249959313
2137	-1.8233959569866
2138	-1.82489104199822
2139	-1.82990914740068
2140	-1.84615849695784
2141	-1.84978498344001
2142	-1.86144043856815
2143	-1.87108347823114
2144	-1.88997638641427
2145	-1.89183877604913
2146	-1.89781394279449
2147	-1.9030286337725
2148	-1.91383566696078
2149	-1.91837782834896
2150	-1.92293550965093
2151	-1.92938662041578
2152	-1.93401672798178
2153	-1.93477203044507
2154	-1.93773116064379
2155	-1.99682064515172
2156	-2.01741557055056
2157	-2.01851748441902
2158	-2.02619466836674
2159	-2.03239228721438
2160	-2.03955214070824
2161	-2.04323553354629
2162	-2.04491685752438
2163	-2.05028157434076
2164	-2.0544719510249
2165	-2.06518586474516
2166	-2.08496340803729
2167	-2.08678441123883
2168	-2.0893814101229
2169	-2.09214395475263
2170	-2.10357178450441
2171	-2.11151280698991
2172	-2.11235088232718
2173	-2.12053505012722
2174	-2.12851228574578
2175	-2.13521688844509
2176	-2.13848124361751
2177	-2.1451651530992
2178	-2.14573938990454
2179	-2.15152314439447
2180	-2.15690338112956
2181	-2.16434776638171
2182	-2.1673534563273
2183	-2.1800849588344
2184	-2.20575489603522
2185	-2.20682577007819
2186	-2.21386663757836
2187	-2.21944345988962
2188	-2.22681541888222
2189	-2.22877092800455
2190	-2.23056606468566
2191	-2.24014702472484
2192	-2.24289922274921
2193	-2.24506683735868
2194	-2.24715167909527
2195	-2.2535769233557
2196	-2.25668090609034
2197	-2.26284748512343
2198	-2.26346310836584
2199	-2.26836740108707
2200	-2.27377350435071
2201	-2.28624634164231
2202	-2.29167831142965
2203	-2.29238188084974
2204	-2.32164209144252
2205	-2.32719304723658
2206	-2.34584798348606
2207	-2.36332340629849
2208	-2.36393385623693
2209	-2.37761207350255
2210	-2.37930891739947
2211	-2.38744652547868
2212	-2.39466328534603
2213	-2.398300118455
2214	-2.40653601932244
2215	-2.40778795902723
2216	-2.42953135811728
2217	-2.4308660706954
2218	-2.44150238488451
2219	-2.44508748494948
2220	-2.44616870560401
2221	-2.45084537293287
2222	-2.45775173453063
2223	-2.46153342016975
2224	-2.46536166555013
2225	-2.47010558583925
2226	-2.47360791303214
2227	-2.48005385052482
2228	-2.48944339831787
2229	-2.49294572551142
2230	-2.49787588476637
2231	-2.50123853273683
2232	-2.50438390191546
2233	-2.50517024421013
2234	-2.50649461018011
2235	-2.51862083609363
2236	-2.519303712297
2237	-2.53184380257781
2238	-2.53768446343934
2239	-2.53926232133379
2240	-2.54843976364496
2241	-2.54951063769147
2242	-2.55203521032291
2243	-2.55581172266104
2244	-2.57016246954725
2245	-2.57741026925518
2246	-2.5857806760563
2247	-2.62937611371511
2248	-2.63000725687348
2249	-2.63383032895584
2250	-2.63888464752773
2251	-2.63958304364567
2252	-2.64479773465978
2253	-2.64785515766521
2254	-2.65987791750475
2255	-2.66547025975421
2256	-2.66922090557388
2257	-2.67184894430002
2258	-2.67827418858748
2259	-2.68295602923199
2260	-2.68714123263706
2261	-2.69013657598889
2262	-2.69151784831178
2263	-2.69984686868623
2264	-2.70071081055119
2265	-2.7049115338708
2266	-2.7149167049308
2267	-2.71555302139432
2268	-2.72054008701101
2269	-2.72990376830448
2270	-2.73348886838007
2271	-2.73589962831554
2272	-2.73658250452044
2273	-2.74018829781462
2274	-2.74311638820856
2275	-2.75574442469657
2276	-2.78130054934367
2277	-2.7896450896399
2278	-2.79360266764799
2279	-2.79911741033666
2280	-2.83188512159124
2281	-2.88055557116835
2282	-2.92477180551689
2283	-2.93233517683272
2284	-2.95329223374474
2285	-2.95454417345675
2286	-2.95708943931759
2287	-2.96213341129811
2288	-2.96559435207261
2289	-2.9698881948872
2290	-2.97491147365008
2291	-2.9768928493105
2292	-2.98803614741193
2293	-2.99482869634818
2294	-3.00681524310141
2295	-3.01967090502892
2296	-3.02343189747246
2297	-3.02563572523175
2298	-3.02903458635359
2299	-3.03518564552266
2300	-3.04613753136137
2301	-3.0549631890104
2302	-3.05755501461559
2303	-3.06046758510615
2304	-3.06231445484889
2305	-3.06373711361432
2306	-3.06445620295395
2307	-3.06587886171943
2308	-3.0663754989612
2309	-3.06896732456674
2310	-3.08378884225261
2311	-3.08703767754327
2312	-3.09288351174492
2313	-3.09586850850113
2314	-3.10223167316378
2315	-3.11341118441372
2316	-3.1201882134461
2317	-3.12415096477368
2318	-3.13696006697743
2319	3.11965514774096
2320	3.11613730060761
2321	3.11014144056676
2322	3.10121231681227
2323	3.04942236435632
2324	3.04355066362131
2325	3.03776690906431
2326	3.03215904686374
2327	3.017906592653
2328	3.00410938924588
2329	2.99648393824297
2330	2.99078812986108
2331	2.97647876929227
2332	2.96380417298011
2333	2.95758586082949
2334	2.95362310949198
2335	2.94971726450509
2336	2.94438876074783
2337	2.9419262677492
2338	2.9382532214696
2339	2.93654603094523
2340	2.93387143245696
2341	2.92310061223831
2342	2.91708923226934
2343	2.90058121722313
2344	2.87799456924143
2345	2.86205561769569
2346	2.85640119574117
2347	2.84715650037639
2348	2.83784972535501
2349	2.83621496109322
2350	2.83392318714388
2351	2.82596147132386
2352	2.76790664678169
2353	2.75485439919769
2354	2.74593044870794
2355	2.7406588512877
2356	2.73855848960692
2357	2.73727551005804
2358	2.72531482974646
2359	2.71833604179562
2360	2.71804116343149
2361	2.69565110097247
2362	2.68160557888585
2363	2.67703237758709
2364	2.67289373387758
2365	2.67119171665197
2366	2.66906548844607
2367	2.66515447014016
2368	2.66480268542481
2369	2.65983631297254
2370	2.64989839476239
2371	2.64292995341383
2372	2.63527863585218
2373	2.61184873913552
2374	2.6021022331907
2375	2.59475614059874
2376	2.5922729543703
2377	2.58257300816469
2378	2.58056576596304
2379	2.57572355281659
2380	2.57505619651753
2381	2.5727333827324
2382	2.57174010824074
2383	2.56550627614433
2384	2.55878098010612
2385	2.55186944510005
2386	2.55078822442913
2387	2.55021916091811
2388	2.54965009740709
2389	2.54239195098886
2390	2.54119174431094
2391	2.5245388766527
2392	2.50621503158911
2393	2.4913107408945
2394	2.47297654921317
2395	2.4588689474281
2396	2.45430609272474
2397	2.44190568147163
2398	2.43909657704478
2399	2.43555286335697
2400	2.43163149842924
2401	2.42722901616843
2402	2.42554251885105
2403	2.41382498380745
2404	2.40269203218806
2405	2.39966564896409
2406	2.38776704825319
2407	2.38713590508499
2408	2.37878619136746
2409	2.37078308906107
2410	2.36521661324819
2411	2.36073653141335
2412	2.35314212017302
2413	2.35182292748474
2414	2.34308521591345
2415	2.33808780361109
2416	2.28466825966089
2417	2.2834835728926
2418	2.27916903680178
2419	2.27682035648364
2420	2.24867240579239
2421	2.20017784782001
2422	2.16833098425539
2423	2.14530977845288
2424	2.13829995061706
2425	2.10754982761494
2426	2.09663932804702
2427	2.09090730646201
2428	2.08147119872533
2429	2.07776711257394
2430	2.0730024989627
2431	2.0724230888384
2432	2.06741532990673
2433	2.06613752365035
2434	2.06488041061267
2435	2.05538739652076
2436	2.05293007679647
2437	2.05272831791384
2438	2.04114528872798
2439	2.02490111201905
2440	2.02227307323901
2441	2.01648931860067
2442	2.00795336586874
2443	2.00174022694013
2444	1.99490111814375
2445	1.99177644211249
2446	1.99090732692496
2447	1.98898803088579
2448	1.98765331827631
2449	1.98449760241657
2450	1.97643242040713
2451	1.97169884661665
2452	1.96948467220961
2453	1.93109875140271
2454	1.92640656404644
2455	1.92264039822991
2456	1.91747226684122
2457	1.91003822799609
2458	1.90290941412708
2459	1.89737915140813
2460	1.89221619332209
2461	1.88959850114604
2462	1.85628241889602
2463	1.8548442401898
2464	1.84509773413673
2465	1.83416136800108
2466	1.83343710534303
2467	1.83273353590377
2468	1.83221103212901
2469	1.83004859076415
2470	1.8218851159459
2471	1.8142751847297
2472	1.81121258834604
2473	1.80714119754522
2474	1.80329225884637
2475	1.79781372916575
2476	1.79490115861768
2477	1.78663421770077
2478	1.78289909170416
2479	1.7799865211554
2480	1.77844487635334
2481	1.77541331979616
2482	1.76352506558242
2483	1.75750851220881
2484	1.75287840449614
2485	1.75024001909546
2486	1.7465204130108
2487	1.74568751095286
2488	1.7401003418683
2489	1.7383414182675
2490	1.73171441493581
2491	1.71391307343006
2492	1.71185409815531
2493	1.6992571011839
2494	1.69376822488467
2495	1.69155405046787
2496	1.68702740884451
2497	1.66240247840753
2498	1.65119192708977
2499	1.63812415937666
2500	1.61501500720254
2501	1.57311641227109
2502	1.56198863381237
2503	1.56092810634409
2504	1.55269737852865
2505	1.55020901895632
2506	1.54768961955554
2507	1.53887948160906
2508	1.53280084855656
2509	1.52775170314397
2510	1.52195242854558
2511	1.50534612037044
2512	1.4961790243914
2513	1.4923456055871
2514	1.4910419327953
2515	1.48417695741895
2516	1.47561513809013
2517	1.47490639534201
2518	1.46834664494295
2519	1.44494778763812
2520	1.43706884452851
2521	1.43286812108422
2522	1.41997624568434
2523	1.4109488289199
2524	1.40821732401898
2525	1.40667567920742
2526	1.40312161885309
2527	1.40081949824501
2528	1.40003315592492
2529	1.39663946801706
2530	1.38605488652268
2531	1.38288882402252
2532	1.37122819513973
2533	1.36807247924824
2534	1.36379415622787
2535	1.36148168900875
2536	1.35822250702191
2537	1.35716197954996
2538	1.34873466612584
2539	1.34523233881539
2540	1.33481847636814
2541	1.33421837301792
2542	1.32903989496963
2543	1.32430632112888
2544	1.32237150515452
2545	1.31940202823117
2546	1.29240772406726
2547	1.28425459578529
2548	1.28086090787062
2549	1.27050912506868
2550	1.26856913578775
2551	1.26074192570161
2552	1.24580142158179
2553	1.23895196609064
2554	1.23770002634066
2555	1.23416148589015
2556	1.22257328324365
2557	1.22020390966653
2558	1.21966071266739
2559	1.1894020531549
2560	1.18817080662285
2561	1.18648430927217
2562	1.1764480980432
2563	1.16389766069969
2564	1.15863123645496
2565	1.15714132468426
2566	1.14525824365053
2567	1.13289404527145
2568	1.12685679861422
2569	1.08013150998182
2570	1.06730688746388
2571	1.06569798968107
2572	1.05835189691005
2573	1.05791216600471
2574	1.05092303126175
2575	1.04435810750903
2576	1.03730171980232
2577	1.01986768272247
2578	1.0124853768119
2579	1.00998667060649
2580	1.00259919138982
2581	0.99734311373925
2582	0.996799916737932
2583	0.993354495758018
2584	0.990612644227301
2585	0.988512282488581
2586	0.986918904617774
2587	0.98488062253622
2588	0.982371569719989
2589	0.979981502913492
2590	0.973359672799703
2591	0.963478660675282
2592	0.950871316930667
2593	0.943840795735737
2594	0.935361749201414
2595	0.921036868262728
2596	0.914611623723445
2597	0.907591449133349
2598	0.878750274960267
2599	0.872656121922242
2600	0.854487475509332
2601	0.845589391272958
2602	0.843856334168607
2603	0.836986185408117
2604	0.784482315069781
2605	0.771409373851194
2606	0.761093804086387
2607	0.760757539274562
2608	0.75044196950766
2609	0.748295048016299
2610	0.745191065137067
2611	0.736246421139051
2612	0.732583721340694
2613	0.727053458509072
2614	0.722692362561926
2615	0.720012590674886
2616	0.708776172645103
2617	0.696520613566574
2618	0.685951551851529
2619	0.685573900600781
2620	0.680447155538974
2621	0.668838259554562
2622	0.668760659982464
2623	0.666168834274355
2624	0.660514412120282
2625	0.658439916892513
2626	0.643768424456328
2627	0.635946387584553
2628	0.633463201275803
2629	0.631999156014547
2630	0.630198845940578
2631	0.614803090822677
2632	0.611983639700115
2633	0.610188502930256
2634	0.602092280898265
2635	0.597741531550193
2636	0.587270762606349
2637	0.583499423396305
2638	0.582847586989603
2639	0.578062280035382
2640	0.576779300441093
2641	0.562340606698296
2642	0.557265594672356
2643	0.555279045622308
2644	0.553561508422726
2645	0.552221622474818
2646	0.546018829997364
2647	0.537819141858782
2648	0.536220590669465
2649	0.533877083586007
2650	0.530592035025126
2651	0.527643251277383
2652	0.523571860383287
2653	0.519345270344214
2654	0.518258876331666
2655	0.513132131253088
2656	0.507922613296825
2657	0.505010042681519
2658	0.50219576485769
2659	0.49927802093723
2660	0.495279056308382
2661	0.487746724483971
2662	0.485651536029865
2663	0.48287347133873
2664	0.478470988932167
2665	0.475956762786765
2666	0.468936588137311
2667	0.465573939999789
2668	0.452299239811613
2669	0.443504621602386
2670	0.420364429095059
2671	0.41013163213668
2672	0.40169397195354
2673	0.38038512933872
2674	0.375723981681282
2675	0.351166303616463
2676	0.34598265216747
2677	0.341259424848702
2678	0.329428076678009
2679	0.326096468360081
2680	0.32202507744951
2681	0.31972813009956
2682	0.312764861781262
2683	0.311761240641693
2684	0.308905576368169
2685	0.301368071210618
2686	0.290669676791456
2687	0.288419289183646
2688	0.284099579637328
2689	0.270390321793185
2690	0.265537761845919
2691	0.263499479735729
2692	0.250524831174445
2693	0.228641751655328
2694	0.220690382097115
2695	0.217674345367796
2696	0.215103212855688
2697	0.209397057601971
2698	0.203659862518451
2699	0.192045793118253
2700	0.191259450780143
2701	0.181161159700112
2702	0.178672800063774
2703	0.171130121581115
2704	0.169929914853998
2705	0.162361369845669
2706	0.156101670965698
2707	0.150974925849343
2708	0.148998723392639
2709	0.131512952960658
2710	0.0932149770483242
2711	0.0869087184154677
2712	0.0580365039420932
2713	0.0539651130088445
2714	0.0497488695388454
2715	0.0467638726279563
2716	0.0439340748630386
2717	0.0413370758172063
2718	0.0356671336768032
2719	0.0349946040433162
2720	0.0322837922897782
2721	0.0271467005502972
2722	0.0203644978601531
2723	0.0125735007183219
2724	0.00934018517103314
2725	0.00685182552568824
2726	0.00489114297759984
2727	0.00235622358812903
2728	-0.00297228043508284
2729	-0.00631423538587315
2730	-0.0085025433491359
2731	-0.0104321860685987
2732	-0.0117927652515396
2733	-0.0188439798010234
2734	-0.0211305805575772
2735	-0.0220772953504815
2736	-0.0247001609243676
2737	-0.0266039371201
2738	-0.0294130416699244
2739	-0.0315082301464221
2740	-0.0332619805008969
2741	-0.0361279914048109
2742	-0.0378300087106491
2743	-0.039806211175256
2744	-0.0419738259205632
2745	-0.0429619271529441
2746	-0.0450829821544607
2747	-0.0487767218402591
2748	-0.0505873785490913
2749	-0.0521031568796827
2750	-0.0564383863715426
2751	-0.0580938439341736
2752	-0.0612081734740321
2753	-0.0645190885996931
2754	-0.0662987054798335
2755	-0.069697566788896
2756	-0.0773074982747758
2757	-0.0782386931541678
2758	-0.0823721637579145
2759	-0.0925221879454016
2760	-0.121404749139428
2761	-0.135905522749488
2762	-0.152087620454592
2763	-0.159723418478548
2764	-0.171027089674884
2765	-0.173960353551003
2766	-0.176396980157234
2767	-0.178533555079579
2768	-0.180432157976757
2769	-0.182429053667063
2770	-0.186164179803051
2771	-0.191228845298181
2772	-0.192372145680714
2773	-0.196805667978863
2774	-0.207721341316867
2775	-0.21058735223164
2776	-0.211249535258905
2777	-0.221146067534733
2778	-0.22640214531514
2779	-0.22780928424858
2780	-0.234679433159534
2781	-0.236241771240333
2782	-0.239713058830644
2783	-0.257245389152992
2784	-0.260602864036979
2785	-0.263882739347617
2786	-0.268197275639891
2787	-0.269599241269724
2788	-0.277064320251447
2789	-0.292542848539045
2790	-0.296810825089871
2791	-0.329009474863351
2792	-0.345998608204315
2793	-0.371906519231239
2794	-0.378600775796955
2795	-0.382485927791893
2796	-0.385952042088597
2797	-0.390370044491055
2798	-0.397576458246829
2799	-0.403680958055218
2800	-0.406671128300652
2801	-0.426365900147162
2802	-0.443323993695789
2803	-0.444979451272576
2804	-0.456360722114665
2805	-0.459873396161522
2806	-0.462077224061461
2807	-0.475864081700908
2808	-0.477824764269871
2809	-0.493603344313532
2810	-0.497307430645916
2811	-0.49848694417082
2812	-0.501451247898019
2813	-0.515822689007606
2814	-0.517084975411986
2815	-0.529092216170224
2816	-0.531363297037838
2817	-0.540038929419308
2818	-0.540235515006981
2819	-0.544074107271743
2820	-0.54891114739022
2821	-0.567074621037776
2822	-0.579506072815181
2823	-0.582672135440707
2824	-0.602144455253779
2825	-0.608507620338061
2826	-0.625957177927663
2827	-0.627876474063803
2828	-0.628859402004177
2829	-0.652491059019511
2830	-0.660002697810822
2831	-0.666702127725671
2832	-0.677002177890236
2833	-0.688295502608931
2834	-0.689361203429997
2835	-0.695413970229761
2836	-0.696412418086556
2837	-0.706707294953328
2838	-0.709454319886539
2839	-0.715320847710602
2840	-0.720075114968966
2841	-0.726076148723483
2842	-0.757209097991132
2843	-0.763882661396447
2844	-0.769402577795281
2845	-0.785672621917879
2846	-0.791425337043173
2847	-0.795403608564631
2848	-0.801994399096456
2849	-0.806769359584444
2850	-0.812754873436347
2851	-0.814948354744433
2852	-0.823608467268511
2853	-0.829428435363652
2854	-0.836169251745078
2855	-0.839588806333461
2856	-0.847328070576883
2857	-0.848104066323294
2858	-0.851135623039413
2859	-0.85512941448146
2860	-0.858750727965512
2861	-0.871916789135173
2862	-0.873060089535563
2863	-0.876877988610398
2864	-0.886076124865295
2865	-0.88675900112277
2866	-0.892470329822091
2867	-0.89608129669942
2868	-0.921539130523993
2869	-0.924663806735199
2870	-0.946427900815474
2871	-0.96403783099958
2872	-0.978186820151186
2873	-0.983691216663398
2874	-0.98460171834218
2875	-0.99397574699082
2876	-1.00562085653469
2877	-1.01891107707102
2878	-1.02011128383044
2879	-1.0308614116169
2880	-1.03288417387155
2881	-1.03676932592615
2882	-1.04851272827721
2883	-1.05911800353106
2884	-1.0601681844466
2885	-1.06489658521933
2886	-1.07642788207328
2887	-1.07853341721027
2888	-1.08526906032737
2889	-1.10453444817382
2890	-1.11659342215004
2891	-1.11891106279452
2892	-1.12023025557214
2893	-1.13791778540635
2894	-1.15966635968518
2895	-1.165832939264
2896	-1.18330836361246
2897	-1.18539837883996
2898	-1.19999744560538
2899	-1.2049017387652
2900	-1.23070618421934
2901	-1.23623644729098
2902	-1.24927834926182
2903	-1.25707451993821
2904	-1.26830576515553
2905	-1.28669686453943
2906	-1.29232542041447
2907	-1.30446199402273
2908	-1.31806261295985
2909	-1.32297207943925
2910	-1.32438439171426
2911	-1.33249613401273
2912	-1.33346871535986
2913	-1.34562080889587
2914	-1.35754527701383
2915	-1.36261511595444
2916	-1.36733834345787
2917	-1.37266167434686
2918	-1.38256855350565
2919	-1.39689860848128
2920	-1.40482411181301
2921	-1.41043714778979
2922	-1.41333419861682
2923	-1.42751940106231
2924	-1.42831091673503
2925	-1.43225814848872
2926	-1.44122865944816
2927	-1.44642783102594
2928	-1.44824366109954
2929	-1.44969218651443
2930	-1.45237195853213
2931	-1.46892136140229
2932	-1.47368597535903
2933	-1.47572425755134
2934	-1.47662958593628
2935	-1.49465338075865
2936	-1.50186496801198
2937	-1.52366527554204
2938	-1.53503620007257
2939	-1.53669165769331
2940	-1.54811431527836
2941	-1.55782460888932
2942	-1.56273924870402
2943	-1.57449299782128
2944	-1.61103722485327
2945	-1.61167871468257
2946	-1.65238745233977
2947	-1.65956799979228
2948	-1.66322035318002
2949	-1.6858897760563
2950	-1.71197358030453
2951	-1.71663990149483
2952	-1.72772629430292
2953	-1.7336652485477
2954	-1.73784527906201
2955	-1.73931967101333
2956	-1.74311687695139
2957	-1.75167869688124
2958	-1.75567766171924
2959	-1.76285820919137
2960	-1.76982665115592
2961	-1.77551211345758
2962	-1.77792804693816
2963	-1.7795524647389
2964	-1.78251676856017
2965	-1.7837842283093
2966	-1.79194770375576
2967	-1.79848158809726
2968	-1.80872473219788
2969	-1.81526378984743
2970	-1.82150279580209
2971	-1.82735897718006
2972	-1.8289316619319
2973	-1.83380491534097
2974	-1.83923688570216
2975	-1.84424981835047
2976	-1.8497645615949
2977	-1.85046295778445
2978	-1.85647951162534
2979	-1.86105271334169
2980	-1.86503098497095
2981	-1.87038018245493
2982	-1.87585871256747
2983	-1.88144070878305
2984	-1.88650537448819
2985	-1.89081991095257
2986	-1.89659849276475
2987	-1.90193217033795
2988	-1.90421877119885
2989	-1.91086646827265
2990	-1.91773144416258
2991	-1.91910237001867
2992	-1.92043190943387
2993	-1.92501028446323
2994	-1.92590009294358
2995	-1.93209771247591
2996	-1.9350206298684
2997	-1.94161142059143
2998	-1.94565177189083
2999	-1.94630878164122
3000	-1.95191664439307
3001	-1.95767970629946
3002	-1.96955761486343
3003	-1.97089232758558
3004	-1.97439982846029
3005	-1.97592078016713
3006	-1.98686232050902
3007	-1.99045776757243
3008	-2.00833153679219
3009	-2.00978006222862
3010	-2.01760209958632
3011	-2.03870918452817
3012	-2.04591042527584
3013	-2.04742620368052
3014	-2.05790731988664
3015	-2.06693473735189
3016	-2.07596732812453
3017	-2.07939722943225
3018	-2.08747793206199
3019	-2.11158553402827
3020	-2.11940757140791
3021	-2.12245982144407
3022	-2.12435325112765
3023	-2.13310648343665
3024	-2.13899370469531
3025	-2.20288919664292
3026	-2.20611733906156
3027	-2.20883332426978
3028	-2.21859535110559
3029	-2.2488643596103
3030	-2.25030253844607
3031	-2.25813492246632
3032	-2.26078882801651
3033	-2.27451877993038
3034	-2.28021976222625
3035	-2.28591039791269
3036	-2.29319441159268
3037	-2.2963346078316
3038	-2.29714681674352
3039	-2.29881779431397
3040	-2.30016285365866
3041	-2.30922648432115
3042	-2.3339910961945
3043	-2.33994039714849
3044	-2.34571380572741
3045	-2.34970242402039
3046	-2.35982658225764
3047	-2.36068017761247
3048	-2.36446703700507
3049	-2.36713646247879
3050	-2.37422906388377
3051	-2.40632424925293
3052	-2.41657256683106
3053	-2.42064913132032
3054	-2.42620008778932
3055	-2.4311612874674
3056	-2.43699160241846
3057	-2.44807799544697
3058	-2.45600349900475
3059	-2.45999729061549
3060	-2.46725543780561
3061	-2.47185967943091
3062	-2.48009558130602
3063	-2.48292020594454
3064	-2.48542925896613
3065	-2.48698642383117
3066	-2.49144581291348
3067	-2.49345822863644
3068	-2.49987312708569
3069	-2.50997659214569
