gene	angle_pred
0	-2.61730364564154
1	-2.6144663331833
2	-2.61367934140664
3	-2.60100463174475
4	-2.59329004130917
5	-2.59213544153284
6	-2.58159907137975
7	-2.57938824580044
8	-2.57157010382409
9	-2.56644430213268
10	-2.56118388342855
11	-2.55635320365524
12	-2.54400468141053
13	-2.54030271352736
14	-2.51159304654092
15	-2.51115295245759
16	-2.50592359923292
17	-2.50530746751644
18	-2.49555808918176
19	-2.49277255251559
20	-2.48400173632391
21	-2.48253648190737
22	-2.4773899699293
23	-2.46779591893147
24	-2.45490892868852
25	-2.4541322920731
26	-2.44459001686074
27	-2.44011658995862
28	-2.42172583492701
29	-2.41447204895209
30	-2.41379378630931
31	-2.41136032491939
32	-2.41039729551835
33	-2.40263610696004
34	-2.3968631081344
35	-2.39115741781685
36	-2.38532228806545
37	-2.37878818536444
38	-2.3731653362906
39	-2.3687177972913
40	-2.36520222222734
41	-2.35934120459629
42	-2.35288476556472
43	-2.34731369227208
44	-2.34029807488432
45	-2.33547775031892
46	-2.32777351514046
47	-2.32707971976834
48	-2.32657749476019
49	-2.32590958727513
50	-2.32475498751419
51	-2.30676808362343
52	-2.29926059639673
53	-2.29313034475983
54	-2.289185030785
55	-2.28432846318973
56	-2.2823247407387
57	-2.26836081451555
58	-2.26727870084125
59	-2.26488148251034
60	-2.26363886393719
61	-2.2593880729021
62	-2.25574305842203
63	-2.25110394908467
64	-2.24696188717717
65	-2.23021242434703
66	-2.22913548825207
67	-2.22202667451123
68	-2.21998670902449
69	-2.21488679530851
70	-2.21219963265054
71	-2.21134533238362
72	-2.20615739985436
73	-2.19635624588786
74	-2.18961504015123
75	-2.18904032906319
76	-2.18370742437304
77	-2.17917186659877
78	-2.1701628819815
79	-2.168935796146
80	-2.15280246508314
81	-2.1514459398146
82	-2.1467757650358
83	-2.13889549229603
84	-2.13491393530837
85	-2.13179703373986
86	-2.12289677826682
87	-2.12148329964927
88	-2.11880131458033
89	-2.11456605630612
90	-2.10800606580233
91	-2.10714141038485
92	-2.09917311884454
93	-2.08754945770097
94	-2.07616396512132
95	-2.07518022542622
96	-2.06828886998442
97	-2.06490791198108
98	-2.05733311633383
99	-2.02199615102804
100	-2.01906564225942
101	-2.01870321184636
102	-2.0169117700905
103	-2.01171866003024
104	-2.00767497213769
105	-1.995233253825
106	-1.99334861567919
107	-1.97816278139472
108	-1.97367899943611
109	-1.97227587598274
110	-1.97066564943672
111	-1.9670517004689
112	-1.95031259300802
113	-1.94481918347902
114	-1.93604318993638
115	-1.93411195359972
116	-1.92354969589006
117	-1.91983219538361
118	-1.91423005673854
119	-1.87783686588809
120	-1.85472933842242
121	-1.84991419154136
122	-1.84533721321664
123	-1.84226690988393
124	-1.83776759522002
125	-1.83552052667704
126	-1.81595446211489
127	-1.81268223327201
128	-1.80802759129534
129	-1.79216867208694
130	-1.791164222095
131	-1.78605913089948
132	-1.71456714396804
133	-1.71001087597846
134	-1.70414985852041
135	-1.69300253468406
136	-1.68940411849088
137	-1.68862748190249
138	-1.6852672342637
139	-1.67965991809706
140	-1.67302226405844
141	-1.66734763939035
142	-1.6591826000664
143	-1.65552205295122
144	-1.65499911764909
145	-1.65162333728317
146	-1.64993544710039
147	-1.64383108352619
148	-1.63809950551515
149	-1.62959274610284
150	-1.62509860905601
151	-1.62289813872808
152	-1.61867841327625
153	-1.61340246206815
154	-1.60616420908771
155	-1.60336831737909
156	-1.59792150612543
157	-1.59213815235264
158	-1.57995013554311
159	-1.57889908736482
160	-1.57433764182312
161	-1.57174367563008
162	-1.57030948673704
163	-1.56428796441805
164	-1.54988912214605
165	-1.5435776555073
166	-1.53180902247631
167	-1.49097347094986
168	-1.46859598223676
169	-1.45851006183284
170	-1.44384198560558
171	-1.43478640307476
172	-1.43398905618541
173	-1.42874934805596
174	-1.42441571593783
175	-1.41592448932851
176	-1.40401606177128
177	-1.40258187288758
178	-1.3989368585409
179	-1.39117567032429
180	-1.38926514433936
181	-1.38000245873959
182	-1.3456802995497
183	-1.34037328293428
184	-1.330308072888
185	-1.3284337899477
186	-1.32799887346434
187	-1.3269581804506
188	-1.3265387966988
189	-1.32555505703412
190	-1.31823396289917
191	-1.31624059568455
192	-1.31259558134962
193	-1.31035886800798
194	-1.30457551429907
195	-1.3016553607706
196	-1.298108720404
197	-1.2768547660999
198	-1.25388703376932
199	-1.2502575521742
200	-1.24310731810588
201	-1.2391361164192
202	-1.23426401630633
203	-1.23101249784678
204	-1.22120098912163
205	-1.21753008691347
206	-1.21703821708308
207	-1.21282884685069
208	-1.20726812898011
209	-1.20357133888798
210	-1.19954836143533
211	-1.19807275194512
212	-1.19103124701046
213	-1.18381370445425
214	-1.17029505050349
215	-1.1620057494821
216	-1.13248320457726
217	-1.12788033849435
218	-1.12706745888248
219	-1.12086472146275
220	-1.11242009314136
221	-1.10472103593082
222	-1.08457508327994
223	-1.07866746776609
224	-1.07763195233872
225	-1.0574238687809
226	-1.04384308396365
227	-1.03723131796833
228	-1.02893683940777
229	-1.02621861141558
230	-1.00615032247519
231	-0.967623971118155
232	-0.960665307472816
233	-0.952629707789107
234	-0.92914939558108
235	-0.926508831254508
236	-0.908646190227748
237	-0.907760824542341
238	-0.905285942685024
239	-0.902039601839009
240	-0.894299124065589
241	-0.890333100003163
242	-0.881707256547981
243	-0.875644313760677
244	-0.868442304012294
245	-0.86801256511291
246	-0.860411881929591
247	-0.853515349233505
248	-0.841606921908964
249	-0.837340598381608
250	-0.835166016001379
251	-0.818530460797535
252	-0.817215356215962
253	-0.812472695599403
254	-0.81024633744995
255	-0.799901538422653
256	-0.794672185562268
257	-0.786900642352508
258	-0.761416607936213
259	-0.748633170118868
260	-0.7465983823258
261	-0.711820597088098
262	-0.698131083301964
263	-0.686528133081411
264	-0.649089073293865
265	-0.620897166179077
266	-0.615983645547477
267	-0.611442910464942
268	-0.54482820406541
269	-0.542751995668068
270	-0.525319093743028
271	-0.516962484388444
272	-0.510977205322784
273	-0.507466808085775
274	-0.498975581732177
275	-0.473444949335838
276	-0.466248117250049
277	-0.458699209927046
278	-0.447365493791363
279	-0.438211537591115
280	-0.430869733355214
281	-0.424190658981073
282	-0.415761563571067
283	-0.399944065739826
284	-0.391173250251316
285	-0.379751515326579
286	-0.362577492329677
287	-0.355463501497518
288	-0.346485582938283
289	-0.344859823753039
290	-0.337523197112197
291	-0.32947724242087
292	-0.327732398964862
293	-0.318681994333763
294	-0.317252983076412
295	-0.315508139620949
296	-0.30627134222003
297	-0.298893294970292
298	-0.291525602875962
299	-0.291308144641294
300	-0.288108402045608
301	-0.286886493869976
302	-0.285219314071082
303	-0.274506907228301
304	-0.27232196972858
305	-0.270219873461188
306	-0.266362578586581
307	-0.257037762387891
308	-0.255355049859206
309	-0.249162667754253
310	-0.241116713080839
311	-0.239506486630946
312	-0.220525489319646
313	-0.215399688083246
314	-0.209450652103619
315	-0.20895878228811
316	-0.203889934400203
317	-0.196211587702955
318	-0.19620641012595
319	-0.18834684823503
320	-0.185861611273783
321	-0.178887415052076
322	-0.16936067337026
323	-0.16399670359819
324	-0.162008514030338
325	-0.154935943849624
326	-0.148401841677864
327	-0.142778993058599
328	-0.141220542382488
329	-0.133438644156785
330	-0.131036248430707
331	-0.117465819127094
332	-0.0915779341644806
333	-0.0777175605618323
334	-0.0699460175015249
335	-0.0638778972715119
336	-0.0354374668871352
337	-0.0333560809394551
338	-0.0317044338815383
339	-0.0303116656728723
340	-0.0235083295166618
341	-0.0168033673241407
342	-0.0156746555420226
343	-0.0108646865258801
344	0.00010659909676303
345	0.0056621391963206
346	0.0106740337123981
347	0.011134838063539
348	0.0238302568145016
349	0.024813996440246
350	0.0377941819211385
351	0.0394768944383398
352	0.0479059897543622
353	0.0528816412270509
354	0.0539482220837709
355	0.0629054302484735
356	0.0824870263575377
357	0.085350226422518
358	0.0866187327803657
359	0.0915892066720169
360	0.0931942555327523
361	0.0988688798915677
362	0.122432032673635
363	0.123343286219801
364	0.134112646309558
365	0.134599338544328
366	0.14705141114504
367	0.158939127853645
368	0.169547983049822
369	0.177164198760282
370	0.182683495800588
371	0.18364134753829
372	0.184645797468619
373	0.201669670511559
374	0.204434496607411
375	0.209342839563723
376	0.217927262159181
377	0.218294870123128
378	0.22211592191724
379	0.2250930286672
380	0.240812152304148
381	0.246321094183694
382	0.247320366535843
383	0.268584675081988
384	0.270878341671674
385	0.279530072757389
386	0.280327419607827
387	0.28091248580327
388	0.286607820448848
389	0.300820269175407
390	0.306391341972118
391	0.313567463622059
392	0.333656462175325
393	0.370034117784422
394	0.373280458527213
395	0.379643700588698
396	0.411589350308964
397	0.416544291439031
398	0.421695980492313
399	0.426350622159157
400	0.438616301922412
401	0.444000981935868
402	0.446682966788541
403	0.448194819253701
404	0.457498925005915
405	0.477018390046213
406	0.508855310598502
407	0.552978621182487
408	0.564327869804623
409	0.569919652884138
410	0.575501080809321
411	0.57867493546415
412	0.581657219772627
413	0.585757860696559
414	0.617858837617533
415	0.619619213770816
416	0.626168848576012
417	0.634841289917883
418	0.654065633019847
419	0.660470295668031
420	0.662924467127241
421	0.667739613660887
422	0.676774485381723
423	0.681579276760584
424	0.70044118946561
425	0.707032244878517
426	0.72284974235166
427	0.727198906959057
428	0.755903393361451
429	0.763043271921948
430	0.765647593108096
431	0.774045622856855
432	0.782257259835943
433	0.801481602898948
434	0.802454987357708
435	0.812375224713316
436	0.813483226171537
437	0.824873895367302
438	0.826831019438046
439	0.842700292655416
440	0.867133278069514
441	0.871006105593694
442	0.875075681040031
443	0.877881927721742
444	0.884825058348965
445	0.891566263476415
446	0.899348161560664
447	0.901947305165491
448	0.902573791970627
449	0.903169213314347
450	0.909894885709644
451	0.910428176130496
452	0.91240601050683
453	0.914792873458316
454	0.918769252518344
455	0.929031209935446
456	0.932821196226424
457	0.93428645048915
458	0.939826457772027
459	0.959718708218558
460	0.964409592888549
461	0.971523583546553
462	0.978150881975641
463	0.982738215106747
464	0.994895165660778
465	0.998374497335236
466	0.998923320486255
467	1.00418891618974
468	1.01145305657469
469	1.02805754567781
470	1.02915001440261
471	1.03964496276774
472	1.04474487600841
473	1.0450141100069
474	1.05284778384711
475	1.05394025257164
476	1.05645655494184
477	1.06002390542129
478	1.06769707437666
479	1.07871495800389
480	1.07921200538554
481	1.08200789690728
482	1.08742881991312
483	1.1001863693737
484	1.10501704861304
485	1.11278341394915
486	1.11912594563988
487	1.12689231097497
488	1.12833685492724
489	1.13386650704542
490	1.14001746839003
491	1.14865884421788
492	1.15903988587958
493	1.17623461872465
494	1.18258232798871
495	1.19481694217287
496	1.19535023259221
497	1.19652036496862
498	1.20161510062506
499	1.21619515713663
500	1.21940007722896
501	1.22173516440442
502	1.22699558252016
503	1.23259254313321
504	1.23920430881547
505	1.24524136346318
506	1.28152064468934
507	1.28820489644551
508	1.29478559666369
509	1.3303037740752
510	1.33301164678421
511	1.34364638969825
512	1.35088981975465
513	1.35287800927686
514	1.35714433262653
515	1.3622494234307
516	1.36890778729877
517	1.3813702148489
518	1.38269049695324
519	1.38843760728966
520	1.3917874995307
521	1.39813003120791
522	1.4132382005409
523	1.42626498396746
524	1.45510926475471
525	1.4632691259136
526	1.47152218345591
527	1.47648747968102
528	1.47715020952127
529	1.48590549202004
530	1.48757267177435
531	1.49705799261225
532	1.5043635535848
533	1.51002782268737
534	1.51816179595963
535	1.5290398849757
536	1.54145571432323
537	1.54977090278496
538	1.55215258814755
539	1.55700915525639
540	1.55898181204577
541	1.56805810430748
542	1.57574162838958
543	1.582741712324
544	1.58835938323278
545	1.59517307439939
546	1.60159844730026
547	1.6074025109761
548	1.61500319382705
549	1.61977691970473
550	1.62405877577932
551	1.63090870998317
552	1.63739103622883
553	1.64333489447953
554	1.64630682360484
555	1.66062282365927
556	1.66477524031147
557	1.66867395569685
558	1.67188405335808
559	1.67304900815448
560	1.68485388342451
561	1.69197305162445
562	1.69997758546946
563	1.70043321223424
564	1.70327052436037
565	1.71502362386073
566	1.71782469294865
567	1.7226139515555
568	1.73647950241913
569	1.74795819034438
570	1.76713075750084
571	1.78148817816604
572	1.78767020495073
573	1.79223682775144
574	1.79458227007424
575	1.79544174783491
576	1.81688727123639
577	1.81795385207188
578	1.82436886981546
579	1.82493322569444
580	1.82971212914664
581	1.834242508909
582	1.8368520076521
583	1.84520343914538
584	1.84662209520808
585	1.8560815281517
586	1.86025465510984
587	1.86725473903959
588	1.89041404038387
589	1.89442666245891
590	1.89795776988495
591	1.90235353264844
592	1.90957107480663
593	1.91467616560144
594	1.91722353342197
595	1.92179015622218
596	1.92461193561687
597	1.92499507630533
598	1.93858621559168
599	1.95284526229442
600	1.96472262363655
601	1.96884915240276
602	1.97344166308738
603	1.99114897598647
604	1.99231393078247
605	1.99979552936125
606	2.00009582881978
607	2.00534589176713
608	2.00968470118517
609	2.01326240680317
610	2.01369732326035
611	2.02222479236727
612	2.03040018624701
613	2.03884999170101
614	2.04389295157373
615	2.04843886406682
616	2.0624338543504
617	2.06686586015243
618	2.06793244098797
619	2.06877120844117
620	2.07386076650595
621	2.07902798822384
622	2.08429358390234
623	2.08765383129209
624	2.09480924252888
625	2.09881668702768
626	2.10331600132933
627	2.11047141256634
628	2.12369494389753
629	2.12622677898801
630	2.13207744085357
631	2.13445394863792
632	2.13853387921327
633	2.14446220473208
634	2.14773961089231
635	2.16583524206179
636	2.1713131183931
637	2.18269343235954
638	2.18504405225984
639	2.19333335283351
640	2.19433262517001
641	2.19519210293094
642	2.19799834959616
643	2.20025577311286
644	2.20923369141106
645	2.2184083576307
646	2.2226487930901
647	2.2247250014164
648	2.22955568063949
649	2.23314374141296
650	2.2384455801317
651	2.23941896458398
652	2.25322756210685
653	2.27221373650484
654	2.28108810326784
655	2.28233589929463
656	2.28649867110191
657	2.29700397458103
658	2.30128583065669
659	2.30146186827044
660	2.30760247444438
661	2.30793901694127
662	2.31241244336151
663	2.31450418441915
664	2.32928098882197
665	2.33007833566083
666	2.34540396321356
667	2.34664658166383
668	2.35070580193476
669	2.35835826055798
670	2.36060532892237
671	2.36196703164089
672	2.38472765959138
673	2.39045923719443
674	2.39199179995011
675	2.39410425131607
676	2.40967322498698
677	2.41102457255209
678	2.41387223983493
679	2.43237172202071
680	2.43386286416171
681	2.43963586238135
682	2.44671878755153
683	2.4782450531701
684	2.48457205211745
685	2.48675181198398
686	2.4983702945035
687	2.53921102094279
688	2.58284246133388
689	2.58876043171196
690	2.61606697220005
691	2.62392135633469
692	2.6544431720768
693	2.67425258124616
694	2.68727418711858
695	2.75461375214312
696	2.76196591132869
697	2.77028109981665
698	2.78003047710444
699	2.78772435636672
700	2.79083608007928
701	2.79150398749846
702	2.80656038110414
703	2.81723654465946
704	2.85188488924176
705	2.86099224700239
706	2.87403974078266
707	2.92331991770434
708	2.92978671125281
709	2.94282902746609
710	2.98225627557822
711	2.98849525574736
712	2.99320685073017
713	3.03644997304664
714	3.0447133857908
715	3.05094201081094
716	3.05254705965245
717	3.07353695644094
718	3.10352548190699
719	3.11347160715483
720	3.13749038645486
721	3.13931289352861
722	-3.1374884613156
723	-3.12169167414752
724	-3.1192944560355
725	-3.11742535076885
726	-3.09724833352426
727	-3.09662702429415
728	-3.09330819748993
729	-3.09033626833906
730	-3.08801153630283
731	-3.08413353119101
732	-3.07459643450653
733	-3.07394923739162
734	-3.0618492401303
735	-3.04490820844545
736	-3.03870029371635
737	-3.03771655410118
738	-3.03384890414033
739	-3.02503666821799
740	-3.01781394841002
741	-3.00988190056265
742	-2.99745571594343
743	-2.99697420128939
744	-2.99114424967135
745	-2.98519003620655
746	-2.9833261085131
747	-2.97370617058331
748	-2.96801083596327
749	-2.96072080764887
750	-2.95638199818293
751	-2.95560018406673
752	-2.95325474171805
753	-2.94708307001867
754	-2.94454605732327
755	-2.94197280158927
756	-2.93702821562123
757	-2.92902368168677
758	-2.91845106959324
759	-2.9136669885082
760	-2.91241401489063
761	-2.91134743404259
762	-2.90051594309934
763	-2.89599074085957
764	-2.89512090793472
765	-2.88485377287443
766	-2.87947427043921
767	-2.87770871670435
768	-2.87452968446608
769	-2.86427290455612
770	-2.85925583250461
771	-2.84923722113112
772	-2.84601676827582
773	-2.84443760730973
774	-2.84101522895356
775	-2.83302105016016
776	-2.82914304503265
777	-2.8215734275467
778	-2.80830329784764
779	-2.80590090214682
780	-2.79543184157007
781	-2.79302426829175
782	-2.78709594269203
783	-2.77743976169202
784	-2.77241233447902
785	-2.76988567692999
786	-2.76074725362156
787	-2.74868349933674
788	-2.73731871793723
789	-2.73619000616257
790	-2.73065517640485
791	-2.72949539916836
792	-2.71942501200226
793	-2.71614242821609
794	-2.71268898439037
795	-2.71066972937972
796	-2.70859869859949
797	-2.6894675517633
798	-2.68317161818863
799	-2.68243640226127
800	-2.67842378012237
801	-2.65628446106398
802	-2.65592203067707
803	-2.65317791489039
804	-2.6496571625601
805	-2.63938484987741
806	-2.63768142705835
807	-2.63397945953347
808	-2.62333953888354
809	-2.61878327115929
810	-2.60806568685176
811	-2.59194788977049
812	-2.58439898255878
813	-2.5832702707808
814	-2.57204528392316
815	-2.56687806211237
816	-2.5661635564912
817	-2.5497972357019
818	-2.53626304950882
819	-2.53177926785413
820	-2.52704696250449
821	-2.52629103626698
822	-2.52285312515924
823	-2.51407195461787
824	-2.50956746265321
825	-2.50654375770199
826	-2.5063780752389
827	-2.50300747263036
828	-2.48827726614324
829	-2.46591013361268
830	-2.45330273367465
831	-2.44703786553168
832	-2.43779589062501
833	-2.39183453975881
834	-2.38066132862531
835	-2.33640340053039
836	-2.33378354657298
837	-2.32943438190025
838	-2.32686112613534
839	-2.32596022773874
840	-2.31590537321906
841	-2.31424854858119
842	-2.30975441175067
843	-2.29962707114928
844	-2.27360456916354
845	-2.2671067100301
846	-2.25500671258136
847	-2.25196747488187
848	-2.2387542983732
849	-2.20686560160159
850	-2.20023830303254
851	-2.17544806431314
852	-2.16534143398709
853	-2.1531844831612
854	-2.13779154669705
855	-2.12627661541288
856	-2.11803391280092
857	-2.11454940346758
858	-2.09761354903621
859	-2.08081231160009
860	-2.06681214332726
861	-2.06287200721109
862	-2.06047996662526
863	-2.05885938501616
864	-2.0527291338169
865	-2.03877038615005
866	-2.02626653762365
867	-2.02500838640524
868	-2.01765622702108
869	-1.9863733065831
870	-1.98125268289422
871	-1.97606992828017
872	-1.97549521722902
873	-1.96405277197449
874	-1.9621111805848
875	-1.95597575179268
876	-1.94756736667845
877	-1.94313018315372
878	-1.93925217794905
879	-1.93617669718564
880	-1.91762543863586
881	-1.91706108273788
882	-1.90161637040717
883	-1.89124050600159
884	-1.88931444733915
885	-1.88513096508272
886	-1.87418556719664
887	-1.87304132266815
888	-1.86331265538593
889	-1.85794868555808
890	-1.82050444828141
891	-1.81208053040403
892	-1.7943214410799
893	-1.79097672629655
894	-1.7857525510383
895	-1.77918220574212
896	-1.77316586119084
897	-1.76850604183026
898	-1.76662140377758
899	-1.75978182447012
900	-1.75342893740586
901	-1.74761451835579
902	-1.73775641161144
903	-1.7351779782293
904	-1.7335159759889
905	-1.72900630635799
906	-1.72556321760379
907	-1.72021478048566
908	-1.7172066082049
909	-1.70376044053699
910	-1.67565137457055
911	-1.65918150186844
912	-1.65390555081876
913	-1.6495408533354
914	-1.64605116637913
915	-1.64221975933472
916	-1.64131886092151
917	-1.63663833123409
918	-1.62041180463549
919	-1.61573645252212
920	-1.61285254208198
921	-1.60748339463707
922	-1.59931835556049
923	-1.59856242930472
924	-1.59129828864051
925	-1.5907184000058
926	-1.59007638044593
927	-1.58961039850731
928	-1.58904604260386
929	-1.5884868642775
930	-1.58804159264724
931	-1.57745862506111
932	-1.57150958897518
933	-1.56494442121326
934	-1.55895396450817
935	-1.55450124820114
936	-1.55277711502627
937	-1.54165050183243
938	-1.53004755154093
939	-1.51807699327046
940	-1.51766796467896
941	-1.51383655761905
942	-1.51159466673107
943	-1.50691413702447
944	-1.5059562852592
945	-1.50299988872946
946	-1.4934006607658
947	-1.47862903326248
948	-1.46067319582507
949	-1.44679211157049
950	-1.44386678049775
951	-1.4200292154272
952	-1.36864694000201
953	-1.3528605073187
954	-1.35145738391482
955	-1.34749135982821
956	-1.34412593468903
957	-1.33935220856786
958	-1.33536547417105
959	-1.30308845826822
960	-1.29984729497538
961	-1.29118520840982
962	-1.29003578628317
963	-1.28956462676278
964	-1.28751430621239
965	-1.28553129416478
966	-1.28373467489438
967	-1.27450823241461
968	-1.2692426364526
969	-1.25466257919185
970	-1.24693763407765
971	-1.24090057911429
972	-1.23212458583334
973	-1.22123614106859
974	-1.20321817254701
975	-1.19501689031956
976	-1.18904196627101
977	-1.18845690005129
978	-1.18616323336675
979	-1.18408702492302
980	-1.18048343121484
981	-1.17793088567126
982	-1.17069263278981
983	-1.16382198788556
984	-1.16107269440795
985	-1.15612293063212
986	-1.15503046184885
987	-1.15462661082942
988	-1.15346165596567
989	-1.15305262736905
990	-1.15190320523676
991	-1.14819605998091
992	-1.14259909905597
993	-1.13401985367668
994	-1.12982601616379
995	-1.11966760974102
996	-1.11323705888428
997	-1.10732426574413
998	-1.10188780970345
999	-1.09657561551407
1000	-1.08760287425421
1001	-1.0831708681836
1002	-1.08086684633586
1003	-1.07686457917067
1004	-1.07328169575708
1005	-1.06356338337416
1006	-1.06276085890978
1007	-1.03730271185612
1008	-1.01774182520771
1009	-1.01449030672689
1010	-1.00751093266163
1011	-1.00706048344519
1012	-0.985407855583662
1013	-0.969248637122474
1014	-0.967193138970812
1015	-0.961958608412571
1016	-0.95929215614956
1017	-0.956817274243062
1018	-0.955538412672041
1019	-0.952488819694732
1020	-0.947782402009183
1021	-0.927916038237942
1022	-0.920263579111124
1023	-0.914340430773237
1024	-0.905388399759962
1025	-0.90025742073359
1026	-0.895597601233465
1027	-0.884217286495128
1028	-0.872940523296236
1029	-0.867229655613703
1030	-0.859080149054526
1031	-0.852442495044401
1032	-0.840409805555122
1033	-0.836262566190225
1034	-0.819963553049101
1035	-0.814873994623244
1036	-0.811477503953936
1037	-0.806895348095975
1038	-0.802199285537844
1039	-0.796058678927962
1040	-0.79484194827574
1041	-0.794230994160983
1042	-0.783114735816135
1043	-0.780696807242093
1044	-0.780080675549739
1045	-0.777678279707142
1046	-0.766820900217299
1047	-0.765687010799628
1048	-0.749646876474624
1049	-0.744640159270313
1050	-0.71822933768223
1051	-0.71183502976548
1052	-0.710778804004172
1053	-0.70584975045078
1054	-0.696058951845417
1055	-0.688002641620353
1056	-0.68322373780305
1057	-0.677585356158227
1058	-0.665386984110336
1059	-0.651407525473928
1060	-0.638748349034978
1061	-0.637469487447517
1062	-0.627078089849683
1063	-0.623691954308595
1064	-0.622216344783657
1065	-0.61415485695631
1066	-0.60948985982439
1067	-0.603235346465154
1068	-0.590394954795272
1069	-0.585559097608096
1070	-0.584730685241885
1071	-0.583327561796546
1072	-0.579273518778729
1073	-0.574147717260939
1074	-0.569865860840668
1075	-0.563616525048117
1076	-0.557698554200766
1077	-0.552779855770058
1078	-0.548094148316676
1079	-0.545355209926358
1080	-0.534704933422549
1081	-0.529739636791233
1082	-0.526032491443277
1083	-0.522211439394059
1084	-0.518348966725775
1085	-0.514553802561803
1086	-0.51390142782141
1087	-0.512244603083824
1088	-0.502717860840378
1089	-0.494801345136147
1090	-0.489561636898742
1091	-0.480474988717379
1092	-0.466158987444209
1093	-0.460758774303372
1094	-0.452391809357784
1095	-0.438686762190818
1096	-0.438091340798789
1097	-0.432333874815918
1098	-0.419943932277623
1099	-0.419048211400163
1100	-0.417230881758503
1101	-0.400771363430282
1102	-0.395650739449632
1103	-0.386522670611632
1104	-0.377373891460531
1105	-0.371740687318075
1106	-0.36891890766897
1107	-0.365662211523042
1108	-0.344185620710812
1109	-0.340965167602636
1110	-0.333540521689061
1111	-0.325613650770184
1112	-0.309697777995569
1113	-0.300181390820286
1114	-0.293150240771885
1115	-0.281039887332658
1116	-0.280522129596755
1117	-0.273211390364483
1118	-0.260402063969953
1119	-0.255680113413537
1120	-0.244465480837887
1121	-0.239179174344744
1122	-0.233178362173176
1123	-0.225660519829888
1124	-0.22080912983147
1125	-0.216698133396511
1126	-0.207207634066929
1127	-0.204660265997384
1128	-0.192746660448553
1129	-0.183711787917916
1130	-0.178415126254888
1131	-0.171767116892959
1132	-0.170840330540936
1133	-0.166180510893268
1134	-0.157642685780578
1135	-0.156938535255668
1136	-0.152889669736959
1137	-0.146143286396504
1138	-0.142498271912346
1139	-0.118054929026979
1140	-0.107554802059565
1141	-0.104577695053537
1142	-0.0939170631797439
1143	-0.0873260071423468
1144	-0.0769553195945572
1145	-0.0698568609654726
1146	-0.0684796253741334
1147	-0.023983525053724
1148	-0.0105684219476025
1149	0.00476238481635162
1150	0.0108926364942185
1151	0.0194252841029992
1152	0.0206886129968404
1153	0.0316650771597786
1154	0.0422118024012397
1155	0.0487251948211746
1156	0.0572008890941739
1157	0.0653503959917038
1158	0.0748201851417547
1159	0.0757832145470967
1160	0.0839016559875373
1161	0.0883854380600231
1162	0.08951932752193
1163	0.103731777632193
1164	0.106139351149152
1165	0.106776193176267
1166	0.119947950229515
1167	0.124768274845151
1168	0.128780897377865
1169	0.135242514051626
1170	0.138861640699157
1171	0.14274482379811
1172	0.14426703157311
1173	0.175477468564236
1174	0.183533779116189
1175	0.190373358964017
1176	0.208976394853034
1177	0.217224275785908
1178	0.228314646763368
1179	0.232177119570279
1180	0.235495946741449
1181	0.237629108667685
1182	0.245038222058951
1183	0.246519009222051
1184	0.247673609003148
1185	0.248517554134667
1186	0.249656621183401
1187	0.270941642274755
1188	0.280137019917298
1189	0.280810104992661
1190	0.310275698584394
1191	0.319647113881501
1192	0.3644694024694
1193	0.388493362205001
1194	0.390683477501408
1195	0.405895200300139
1196	0.411761395650984
1197	0.42012836095603
1198	0.445317275712306
1199	0.457909144314631
1200	0.460948382337956
1201	0.486888045896621
1202	0.492029380414734
1203	0.49596951693967
1204	0.499366007821248
1205	0.514380982762679
1206	0.527966946306641
1207	0.530736950307903
1208	0.544126165916276
1209	0.546166131481615
1210	0.55407747002146
1211	0.568139770733105
1212	0.57125667243873
1213	0.578034121498185
1214	0.583688036223548
1215	0.584852991180921
1216	0.593494368178205
1217	0.604419056898578
1218	0.606329583030936
1219	0.609084054311552
1220	0.614882941219515
1221	0.618331207899613
1222	0.622374896004308
1223	0.628960774712013
1224	0.630182683025978
1225	0.633263341699269
1226	0.636623589563695
1227	0.641972027229035
1228	0.65228058424397
1229	0.666487857206658
1230	0.696538517694869
1231	0.727547030096528
1232	0.730513782079087
1233	0.739051607595434
1234	0.739082673061238
1235	0.740113011010435
1236	0.74307976299515
1237	0.744394867714542
1238	0.750286951064857
1239	0.75530402379619
1240	0.760181301932697
1241	0.765074112803512
1242	0.766751647959542
1243	0.773798331132178
1244	0.778002524179979
1245	0.783242232758236
1246	0.786545527297528
1247	0.79180076861135
1248	0.797454683405954
1249	0.816518524329773
1250	0.818247835267427
1251	0.820122118379692
1252	0.822146551244279
1253	0.82536700454854
1254	0.829690281895254
1255	0.835116383285262
1256	0.839993661444556
1257	0.847832514030484
1258	0.854216467295021
1259	0.855464263513271
1260	0.862200292062339
1261	0.880787795912702
1262	0.888362592055939
1263	0.894534264650904
1264	0.898163746605886
1265	0.904754802996897
1266	0.909554417511073
1267	0.918599645730856
1268	0.920970976312468
1269	0.926687022082632
1270	0.930782486036916
1271	0.935048810056104
1272	0.9410030244051
1273	0.942297418829076
1274	0.954702894993591
1275	0.962655654342669
1276	0.966129808981388
1277	0.974098101069077
1278	0.977437638689817
1279	0.98335043243238
1280	0.986016884952705
1281	0.989449618974654
1282	0.990340162340947
1283	1.00281294705183
1284	1.00646313934136
1285	1.00883446993557
1286	1.02334204270495
1287	1.03077704431479
1288	1.06915842802733
1289	1.07773767433834
1290	1.08345372016304
1291	1.08838277417293
1292	1.09571422425763
1293	1.09878452786047
1294	1.13278050337392
1295	1.13461336589984
1296	1.13551944200736
1297	1.14267485446971
1298	1.14689975792221
1299	1.15062243633287
1300	1.1533147767695
1301	1.15891173833247
1302	1.16097241428307
1303	1.16478311151905
1304	1.17705914840909
1305	1.18660660182147
1306	1.19534117552861
1307	1.19648542021733
1308	1.20840938184276
1309	1.21011798251062
1310	1.21689025425051
1311	1.23341708254535
1312	1.23864125853565
1313	1.23915901631476
1314	1.2608841327417
1315	1.26988276295785
1316	1.27321194548448
1317	1.27880890708993
1318	1.27998939482935
1319	1.30528704000362
1320	1.31491733473897
1321	1.31854681678863
1322	1.33040346999528
1323	1.33595383342091
1324	1.34114176640077
1325	1.34436739738613
1326	1.34547539904096
1327	1.35219589506127
1328	1.35779803427303
1329	1.36209542387308
1330	1.36414574469474
1331	1.36852079796408
1332	1.38759499471739
1333	1.39100184093695
1334	1.39665575594131
1335	1.39761360784244
1336	1.40820175453728
1337	1.41746444130959
1338	1.42909328116699
1339	1.44845742235619
1340	1.46726238516039
1341	1.46773872232424
1342	1.4692609302175
1343	1.47444886324263
1344	1.47707907280095
1345	1.47766413910041
1346	1.48282618423905
1347	1.48911694135624
1348	1.49670209294548
1349	1.49983452756195
1350	1.52362032035691
1351	1.52609002500931
1352	1.53946888627805
1353	1.54835878752246
1354	1.5531998228558
1355	1.55796319452223
1356	1.56319254820126
1357	1.5703686711737
1358	1.57810915014136
1359	1.58651753666332
1360	1.58960337309745
1361	1.59076315054937
1362	1.5967536081931
1363	1.60008796836923
1364	1.60409023609716
1365	1.62251723590897
1366	1.62869408637085
1367	1.63580290086205
1368	1.64406631523488
1369	1.65215369196266
1370	1.65357234831614
1371	1.65811826174171
1372	1.6614733322435
1373	1.67237731137961
1374	1.68016956618035
1375	1.68407863752714
1376	1.68521770467474
1377	1.69213494880939
1378	1.69410242842913
1379	1.7086358897337
1380	1.71607089167497
1381	1.71886678377086
1382	1.73610294079618
1383	1.73698312904975
1384	1.74171025773014
1385	1.7433411947889
1386	1.75039823355641
1387	1.7542141085187
1388	1.75768308575804
1389	1.76295386013223
1390	1.76431556313885
1391	1.77535933695771
1392	1.78659468117033
1393	1.792781886858
1394	1.79760738953844
1395	1.80134042326552
1396	1.80586562642559
1397	1.81101213894577
1398	1.81562018335676
1399	1.82054923760476
1400	1.82904046551499
1401	1.83192955403683
1402	1.83979429501589
1403	1.84870490675584
1404	1.84980255329246
1405	1.85389801749355
1406	1.85820576239407
1407	1.88496866313357
1408	1.88583331866227
1409	1.88957152999057
1410	1.89073130746659
1411	1.89416921927106
1412	1.96806361295872
1413	1.96887131513404
1414	1.97608885893349
1415	1.98234855079702
1416	1.9931748665081
1417	1.99379099829679
1418	2.00242719849744
1419	2.00963956473629
1420	2.01603905122273
1421	2.02999262411403
1422	2.03746386927092
1423	2.04397208490984
1424	2.04865261549058
1425	2.05232869592568
1426	2.0820635268616
1427	2.09278629108924
1428	2.10035073268609
1429	2.11296849051304
1430	2.11963203353101
1431	2.14112416025693
1432	2.15184174695304
1433	2.15590614577479
1434	2.1742399499019
1435	2.20151025391233
1436	2.22924654001131
1437	2.26226913346688
1438	2.26368778988245
1439	2.26723443092205
1440	2.27292976690002
1441	2.27400670315795
1442	2.2876547992035
1443	2.28865407179009
1444	2.29714012241187
1445	2.36638505307097
1446	2.37276382941444
1447	2.38008492499432
1448	2.3849104278823
1449	2.43539181549791
1450	2.44017072020236
1451	2.46084996766535
1452	2.47001945872676
1453	2.48012091387875
1454	2.48116160710603
1455	2.50277281872049
1456	2.50793486424087
1457	2.52175899819236
1458	2.52577162134587
1459	2.52987744090941
1460	2.54334432198395
1461	2.55258629920019
1462	2.56188005220592
1463	2.56336601717182
1464	2.57183135766026
1465	2.5769519825823
1466	2.58158591514752
1467	2.58810966378968
1468	2.60082061849496
1469	2.60397376367638
1470	2.61809301969542
1471	2.62065592095469
1472	2.62920410273434
1473	2.6352256263052
1474	2.64952092002193
1475	2.65889751435202
1476	2.66023850713641
1477	2.6673783876395
1478	2.68828544891852
1479	2.68953842287444
1480	2.70337808975957
1481	2.75452220867026
1482	2.78937766622263
1483	2.81308579761177
1484	2.81428699579649
1485	2.83013038565775
1486	2.84162978726597
1487	2.84761506789119
1488	2.85709521393938
1489	2.90920236307666
1490	2.91648721592001
1491	2.92520108041431
1492	2.95822885326354
1493	2.97074306036929
1494	2.97966402804097
1495	3.01665264856831
1496	3.03485183690174
1497	3.04611307009496
1498	3.08770455811453
1499	3.09304781912801
1500	3.09203301374154
1501	3.08344858858808
1502	3.07737011143252
1503	3.07493147196128
1504	3.07013703427618
1505	3.06261919030735
1506	3.06209625487994
1507	3.05058132032585
1508	3.04084747277984
1509	3.03974982614217
1510	3.03739920551279
1511	3.03525051044449
1512	3.02930665035396
1513	3.02829702255142
1514	3.02100181448331
1515	3.01525987996016
1516	2.9969830279797
1517	2.99627369973059
1518	2.99195042171689
1519	2.98748217150797
1520	2.9786906432918
1521	2.96845457069486
1522	2.94312585695177
1523	2.93854370003541
1524	2.93134686601211
1525	2.92861310460007
1526	2.92747403734523
1527	2.92359603110117
1528	2.92203757999409
1529	2.92065516655376
1530	2.90247668870704
1531	2.90123924746469
1532	2.89056308076817
1533	2.84979482839643
1534	2.84784805891905
1535	2.84125700162159
1536	2.83808832364482
1537	2.82521168618883
1538	2.80940453938259
1539	2.80476025157604
1540	2.80057159066841
1541	2.79071348144273
1542	2.78374963853334
1543	2.7784270879703
1544	2.77787308708498
1545	2.76616658240193
1546	2.76001044173051
1547	2.75818793414797
1548	2.75711099784932
1549	2.7560547718642
1550	2.74338523762812
1551	2.73539623423214
1552	2.73268318317726
1553	2.72683251964488
1554	2.71948553597407
1555	2.71402836840179
1556	2.71336046079586
1557	2.70961707165631
1558	2.70248754628576
1559	2.69042896634732
1560	2.68116627871681
1561	2.68013594062977
1562	2.67352935068676
1563	2.6413299911319
1564	2.63625078681024
1565	2.63113533944248
1566	2.62523290017457
1567	2.62432682397141
1568	2.61603234353177
1569	2.60942575362245
1570	2.59868227865974
1571	2.59742412713458
1572	2.59536345097431
1573	2.59380499990859
1574	2.59112819193238
1575	2.58812001894625
1576	2.58516362174371
1577	2.57365386521569
1578	2.56815527708049
1579	2.56492446823379
1580	2.56132605133018
1581	2.55487478879763
1582	2.54654924293381
1583	2.5387207445892
1584	2.53181903275896
1585	2.52775463382091
1586	2.52574573345455
1587	2.51949639649216
1588	2.51807774004877
1589	2.51316939585895
1590	2.51212870262907
1591	2.5108912614255
1592	2.50645407685969
1593	2.49333409356672
1594	2.48827559961718
1595	2.48625116652227
1596	2.48295822675731
1597	2.47685903958483
1598	2.47421847468083
1599	2.47038706678187
1600	2.44442668950726
1601	2.44269737837834
1602	2.4378149221084
1603	2.42791539254021
1604	2.4250470142044
1605	2.41493002636076
1606	2.41434496002204
1607	2.40656823753996
1608	2.39709844698716
1609	2.39598526767167
1610	2.3821611338547
1611	2.38056643976739
1612	2.38014705593278
1613	2.37919438154308
1614	2.37696284533705
1615	2.33260653294021
1616	2.32368556572826
1617	2.31693400377965
1618	2.3140086721082
1619	2.30762471821507
1620	2.30105954908893
1621	2.29732651522608
1622	2.28957568070421
1623	2.28762373373449
1624	2.28117247133793
1625	2.26536532520617
1626	2.2633512473021
1627	2.23429467870454
1628	2.19136737834931
1629	2.16995809279345
1630	2.16823395927859
1631	2.16310815693839
1632	2.1570089699139
1633	2.14856434000594
1634	2.1445465393894
1635	2.14086528135133
1636	2.13658342425346
1637	2.133730578715
1638	2.12833036474819
1639	2.1262593335055
1640	2.11387456668079
1641	2.10870734373636
1642	2.10452903821059
1643	2.10323464368613
1644	2.09992617128219
1645	2.08992309040378
1646	2.07173425857688
1647	2.07024829366638
1648	2.0649153882398
1649	2.06286506731906
1650	2.05542488761685
1651	2.05466378363919
1652	2.05036121625607
1653	2.0466178273065
1654	2.03143199081754
1655	2.01451166569374
1656	2.00744427163807
1657	2.00254110521476
1658	1.99339232478646
1659	1.99129540567386
1660	1.98695141768606
1661	1.9814787176843
1662	1.97055402799943
1663	1.93533096458565
1664	1.9302931811589
1665	1.91645869266227
1666	1.91056143129005
1667	1.90261384902325
1668	1.89888599284753
1669	1.88886220180216
1670	1.88385030628215
1671	1.87090636124904
1672	1.86009040078846
1673	1.85466429903826
1674	1.85120567693139
1675	1.85037208687282
1676	1.83989784657589
1677	1.83458047397135
1678	1.82374898080449
1679	1.81921860006075
1680	1.81343524544484
1681	1.78235424480518
1682	1.77999844682508
1683	1.77822771515677
1684	1.77264110852049
1685	1.76339395425983
1686	1.75906549907603
1687	1.75680807508117
1688	1.73023156738843
1689	1.72229434037805
1690	1.71826618472799
1691	1.71192882931167
1692	1.7114266042502
1693	1.70502711790146
1694	1.70085399007362
1695	1.68509344280409
1696	1.64764919916238
1697	1.63856254989707
1698	1.63449297364674
1699	1.63068745387168
1700	1.62049798051965
1701	1.61981454023409
1702	1.61584851554733
1703	1.61236918318593
1704	1.60530178932938
1705	1.60135647495817
1706	1.59361599597836
1707	1.57726520494268
1708	1.57650927856845
1709	1.57486798637247
1710	1.56951437081965
1711	1.565304999985
1712	1.56061411440682
1713	1.55602160281019
1714	1.54891796593522
1715	1.54697637422435
1716	1.5461686720727
1717	1.54121373002799
1718	1.5400850180473
1719	1.53926178316235
1720	1.53318330671764
1721	1.53226687543105
1722	1.52035844628833
1723	1.50876067182799
1724	1.50504317090912
1725	1.50196768964825
1726	1.5012946045239
1727	1.49481227702016
1728	1.48076550824568
1729	1.47270401950044
1730	1.46604565436151
1731	1.46273200452674
1732	1.4581498481158
1733	1.45619272368307
1734	1.45547304035999
1735	1.45375408450931
1736	1.45023333156275
1737	1.43615549736254
1738	1.43166135978317
1739	1.42812507410817
1740	1.42627667881425
1741	1.42558288338185
1742	1.41587492490947
1743	1.40630676104515
1744	1.39745310292927
1745	1.39570308161808
1746	1.39054103650904
1747	1.3773692784854
1748	1.36990321124589
1749	1.36499486745934
1750	1.36458583881053
1751	1.36069230028064
1752	1.35063744413488
1753	1.34742734588169
1754	1.34017873692533
1755	1.33616611411167
1756	1.33367569917881
1757	1.32389007709723
1758	1.32228502797333
1759	1.31937005166163
1760	1.31486038138299
1761	1.31260295745525
1762	1.30877154987222
1763	1.29031348497533
1764	1.27861733671117
1765	1.275614341585
1766	1.27449598477954
1767	1.26460681117917
1768	1.19547579255081
1769	1.18242829655841
1770	1.18060061160477
1771	1.16291918352308
1772	1.13541071287446
1773	1.13109779060314
1774	1.13005709747422
1775	1.12613767111366
1776	1.12114130858145
1777	1.11110716289969
1778	1.11009753523856
1779	1.10964708597438
1780	1.10920181428797
1781	1.10852872918062
1782	1.10490442475692
1783	1.09512398039475
1784	1.091743022128
1785	1.08936651394398
1786	1.08411645011386
1787	1.0790320687731
1788	1.07558897957686
1789	1.07040622426178
1790	1.06572051641091
1791	1.04904353853497
1792	1.04766630285893
1793	1.03584071532956
1794	1.02582728001148
1795	1.02485907297743
1796	1.01863562455673
1797	0.963711880194005
1798	0.943617701141639
1799	0.9391908722117
1800	0.922653689061633
1801	0.920826004137164
1802	0.915669136759285
1803	0.914773415819316
1804	0.907633536189701
1805	0.900390105009473
1806	0.896444790815413
1807	0.894347871854381
1808	0.88217538673021
1809	0.870178939255762
1810	0.866704784637007
1811	0.863313471261712
1812	0.858110005702476
1813	0.853491606421393
1814	0.848350271797184
1815	0.842194131952127
1816	0.841707439651606
1817	0.83504389719798
1818	0.78997308370104
1819	0.782631278595869
1820	0.77332717156654
1821	0.757856569572342
1822	0.752326916654097
1823	0.739854132128723
1824	0.733930983316173
1825	0.730021912204109
1826	0.727215665128177
1827	0.698464576570102
1828	0.697315154338082
1829	0.680539802852366
1830	0.672623286678433
1831	0.656816142229352
1832	0.650447721770756
1833	0.646973567196351
1834	0.64032037997306
1835	0.639238266253712
1836	0.630451917061268
1837	0.624901553873011
1838	0.616943617103337
1839	0.616674383068252
1840	0.610751234297397
1841	0.60624674178942
1842	0.604501898140085
1843	0.603217858896768
1844	0.600737799229495
1845	0.596052091508345
1846	0.589316063062757
1847	0.583776055042548
1848	0.578251579756818
1849	0.575196808981003
1850	0.571474130697281
1851	0.56748739595758
1852	0.558752822576428
1853	0.55195984079154
1854	0.5433909499004
1855	0.526610420982813
1856	0.52363331387935
1857	0.518595530903654
1858	0.512542942726077
1859	0.506832074669879
1860	0.500334214825717
1861	0.497465836855409
1862	0.492904391022695
1863	0.487949449296514
1864	0.482331777644122
1865	0.475776964455594
1866	0.467653345270242
1867	0.454667980767317
1868	0.430980563486056
1869	0.423001916491745
1870	0.41665420642606
1871	0.409177784459164
1872	0.40335818730697
1873	0.353715573951236
1874	0.33450676135112
1875	0.331384682108271
1876	0.327589517788888
1877	0.325943048138973
1878	0.30381408185186
1879	0.303120286465645
1880	0.270284089932246
1881	0.263827650790838
1882	0.247658076270666
1883	0.231721492751194
1884	0.224410753337333
1885	0.217162144856083
1886	0.209954956997429
1887	0.202468179957455
1888	0.19419441114349
1889	0.172650511263378
1890	0.163884872602342
1891	0.161384102683821
1892	0.154798224142172
1893	0.1502264232376
1894	0.135258046784016
1895	0.130075291743432
1896	0.121351073721163
1897	0.116846581331358
1898	0.112367976829871
1899	0.108303578525937
1900	0.105114190812864
1901	0.0997139775271265
1902	0.069497635525972
1903	0.0623939992705518
1904	0.0617105590478578
1905	0.0504545056866021
1906	0.0307538235309287
1907	0.00271206415423784
1908	-0.0309473666857921
1909	-0.0349133909896811
1910	-0.0436220762077857
1911	-0.0686660181609376
1912	-0.0816513823040621
1913	-0.0826661874759862
1914	-0.0965679828108463
1915	-0.101388307373562
1916	-0.125122322175134
1917	-0.12635976317299
1918	-0.128404906244597
1919	-0.132676407596039
1920	-0.138030022621946
1921	-0.141768233499958
1922	-0.144010124510967
1923	-0.163270712401643
1924	-0.171223471267477
1925	-0.176706525718145
1926	-0.18354092786429
1927	-0.190266600883222
1928	-0.193813241388879
1929	-0.1951490563529
1930	-0.209951750076465
1931	-0.219079818988649
1932	-0.224702668015986
1933	-0.225215248175865
1934	-0.231029667564311
1935	-0.235482384102925
1936	-0.285756660306161
1937	-0.290701246682327
1938	-0.296551909094556
1939	-0.298457257561207
1940	-0.305871548332016
1941	-0.30667407282172
1942	-0.310790246816842
1943	-0.318991529340647
1944	-0.324298546123664
1945	-0.330123320640125
1946	-0.333990970918199
1947	-0.342471842609896
1948	-0.351869145487894
1949	-0.35753341509947
1950	-0.362850787027839
1951	-0.37287975433229
1952	-0.380765204615454
1953	-0.384508593028607
1954	-0.385280052051431
1955	-0.39503978532446
1956	-0.402443720908037
1957	-0.403386039982134
1958	-0.404664901582629
1959	-0.4363723851278
1960	-0.446261557811521
1961	-0.449129935646719
1962	-0.459174435644359
1963	-0.461638962447221
1964	-0.466505885124353
1965	-0.4701508995542
1966	-0.473360997489091
1967	-0.476545207536964
1968	-0.478921715523621
1969	-0.483374432012112
1970	-0.499813239970799
1971	-0.505777809028787
1972	-0.520528726770556
1973	-0.530164198129927
1974	-0.533923119250222
1975	-0.539432061497038
1976	-0.545277546266893
1977	-0.551568302682756
1978	-0.555394532304407
1979	-0.569317037647684
1980	-0.588468896044184
1981	-0.58933355145128
1982	-0.675286511850867
1983	-0.689659466345521
1984	-0.690420570203608
1985	-0.714247780769084
1986	-0.71785137454226
1987	-0.730893691656496
1988	-0.736744353956356
1989	-0.741704472966997
1990	-0.74967276436089
1991	-0.75672980215591
1992	-0.780184227094675
1993	-0.815024144363188
1994	-0.818348148950672
1995	-0.837836549669618
1996	-0.84808297501496
1997	-0.852691018751523
1998	-0.86630804686699
1999	-0.87389319750607
2000	-0.878858494066529
2001	-0.883295677749034
2002	-0.887297944943907
2003	-0.895928966175724
2004	-0.903094733051025
2005	-0.90508292270393
2006	-0.907754552549779
2007	-0.908091095069101
2008	-0.913812317896889
2009	-0.929391647744541
2010	-0.946964344809626
2011	-0.95933357676724
2012	-0.967286335360562
2013	-0.977667377661338
2014	-0.979215473245986
2015	-0.982068318286353
2016	-0.98493669605802
2017	-0.990072852644771
2018	-1.00417139536714
2019	-1.01136822767567
2020	-1.01394148354379
2021	-1.02322487946027
2022	-1.02720125874753
2023	-1.02957776668065
2024	-1.0377013853001
2025	-1.04246475631863
2026	-1.04920078424664
2027	-1.0620929514523
2028	-1.0659088258409
2029	-1.06852350232124
2030	-1.07130903884852
2031	-1.07305905993801
2032	-1.07967082600584
2033	-1.09175529115614
2034	-1.10260231535458
2035	-1.10577099258976
2036	-1.11372892871637
2037	-1.11571194077619
2038	-1.12519208459017
2039	-1.13021433445205
2040	-1.13396290032774
2041	-1.13749918553873
2042	-1.14201403283526
2043	-1.14720714274078
2044	-1.15153041968033
2045	-1.15987667408145
2046	-1.16259490209615
2047	-1.16736345066988
2048	-1.17387684274862
2049	-1.17897157868196
2050	-1.18319130407319
2051	-1.18782523563705
2052	-1.19307012130561
2053	-1.19929356905715
2054	-1.19980614919636
2055	-1.21104149163927
2056	-1.21873019372318
2057	-1.21955342849163
2058	-1.23200550155872
2059	-1.23501885146435
2060	-1.2392075113842
2061	-1.24347383496075
2062	-1.24911221648267
2063	-1.25411893359072
2064	-1.25497841139822
2065	-1.26244965522977
2066	-1.2974656094884
2067	-1.30961738304711
2068	-1.3164000091045
2069	-1.31880758247563
2070	-1.32073364117239
2071	-1.32956658777473
2072	-1.33989585416738
2073	-1.34663705960061
2074	-1.34785896780493
2075	-1.35464159385342
2076	-1.35650034404506
2077	-1.36124818227776
2078	-1.36907667890406
2079	-1.40524723273386
2080	-1.40637594454748
2081	-1.4133915615532
2082	-1.43696507019582
2083	-1.44016999043374
2084	-1.4966987773858
2085	-1.49852646210599
2086	-1.51224704144676
2087	-1.51419381043952
2088	-1.52305782244757
2089	-1.52692547254609
2090	-1.56987865218903
2091	-1.57093487791721
2092	-1.57803333611896
2093	-1.58686110506932
2094	-1.58860077097361
2095	-1.61340136525373
2096	-1.61487179714781
2097	-1.61546721851336
2098	-1.61668912670696
2099	-1.61848056838055
2100	-1.62810568419155
2101	-1.62944667665773
2102	-1.63006798590845
2103	-1.63745121083693
2104	-1.66012382089783
2105	-1.66058980283543
2106	-1.66687020383823
2107	-1.67731337681385
2108	-1.68278607578884
2109	-1.68397691851743
2110	-1.68887490643544
2111	-1.69589052337805
2112	-1.69745415165583
2113	-1.70660810792957
2114	-1.71387224856808
2115	-1.71652316803092
2116	-1.72601884438632
2117	-1.73239244176403
2118	-1.75211383283007
2119	-1.75721892382087
2120	-1.75806804646024
2121	-1.76272786582225
2122	-1.7701266234524
2123	-1.78277544422577
2124	-1.78624959843655
2125	-1.78889016273958
2126	-1.79102332449012
2127	-1.79213132598186
2128	-1.79665135075851
2129	-1.80678386907012
2130	-1.80961082614579
2131	-1.81309015793092
2132	-1.81773444455428
2133	-1.82488985605081
2134	-1.82581664234439
2135	-1.83306007264925
2136	-1.8551476163716
2137	-1.92687776881524
2138	-1.92837408858101
2139	-1.93339633831345
2140	-1.94965910780311
2141	-1.95328858930873
2142	-1.96495367037928
2143	-1.97460467397857
2144	-1.99351318531497
2145	-1.9953771130475
2146	-2.00135721452207
2147	-2.00657621217182
2148	-2.01739217059247
2149	-2.02193808322597
2150	-2.02649952859002
2151	-2.03295596714636
2152	-2.03758989858749
2153	-2.0383458248337
2154	-2.04130739889404
2155	-2.10044568366649
2156	-2.12105761777938
2157	-2.12216044168413
2158	-2.12984396597744
2159	-2.13604670324279
2160	-2.14321246983193
2161	-2.1468989046663
2162	-2.14858161719592
2163	-2.15395076455919
2164	-2.15814460193984
2165	-2.16886736393207
2166	-2.18866124084215
2167	-2.19048374794927
2168	-2.19308289160756
2169	-2.19584771772995
2170	-2.20728498533912
2171	-2.21523256604348
2172	-2.21607133351838
2173	-2.22426226034025
2174	-2.23224608408036
2175	-2.2389562238763
2176	-2.24222327496483
2177	-2.24891270445117
2178	-2.24948741549832
2179	-2.25527594658539
2180	-2.26066062666567
2181	-2.26811115996793
2182	-2.27111933220425
2183	-2.28386134919603
2184	-2.3095524862479
2185	-2.31062424468564
2186	-2.31767092697371
2187	-2.32325235497182
2188	-2.33063040218529
2189	-2.33258752628802
2190	-2.33438414550394
2191	-2.34397301809026
2192	-2.34672748904879
2193	-2.34889689380736
2194	-2.350983457334
2195	-2.35741400795394
2196	-2.36052055414681
2197	-2.366692225916
2198	-2.36730835757748
2199	-2.37221670056102
2200	-2.37762726851165
2201	-2.390110406623
2202	-2.39554686245639
2203	-2.39625101292619
2204	-2.42553538833698
2205	-2.43109092843665
2206	-2.44976127102203
2207	-2.46725112604942
2208	-2.46786208013256
2209	-2.48155159365427
2210	-2.48324983890177
2211	-2.49139416748114
2212	-2.49861688735805
2213	-2.50225672396944
2214	-2.510499426508
2215	-2.51175240013497
2216	-2.53351375613861
2217	-2.53484957099648
2218	-2.54549466924231
2219	-2.54908273008048
2220	-2.55016484366654
2221	-2.55484537324426
2222	-2.56175743849373
2223	-2.56554224725538
2224	-2.56937365420943
2225	-2.57412149228586
2226	-2.57762671189051
2227	-2.58407797278707
2228	-2.59347527497437
2229	-2.59698049457766
2230	-2.60191472542206
2231	-2.60528015044682
2232	-2.60842811723901
2233	-2.60921510893702
2234	-2.61054056863891
2235	-2.62267680903276
2236	-2.62336024919137
2237	-2.63591069573879
2238	-2.64175618012389
2239	-2.64333534109584
2240	-2.65252036261696
2241	-2.65359212104688
2242	-2.65611877860139
2243	-2.65989840977901
2244	-2.67426100825149
2245	-2.68151479356359
2246	-2.6898921130734
2247	-2.73352355403427
2248	-2.73415521842196
2249	-2.73798144778656
2250	-2.74303994046439
2251	-2.74373891335228
2252	-2.74895791091492
2253	-2.75201785889041
2254	-2.76405054771283
2255	-2.76964750839052
2256	-2.77340125167543
2257	-2.77603146076319
2258	-2.78246201132762
2259	-2.78714771846147
2260	-2.7913363782084
2261	-2.79433419525825
2262	-2.7957166083019
2263	-2.80405250717866
2264	-2.80491716252792
2265	-2.80912135500437
2266	-2.81913478880785
2267	-2.81977163077151
2268	-2.82476281494172
2269	-2.83413422920206
2270	-2.83772229002066
2271	-2.84013504087403
2272	-2.84081848102991
2273	-2.84442725215585
2274	-2.84735776070273
2275	-2.85999622600656
2276	-2.88557345606832
2277	-2.89392488766304
2278	-2.89788573401722
2279	-2.90340503102799
2280	-2.9361998033124
2281	-2.98491044705253
2282	-3.02916319702548
2283	-3.03673281448599
2284	-3.05770717859406
2285	-3.0589601522088
2286	-3.06150752005357
2287	-3.06655565755056
2288	-3.07001945650981
2289	-3.07431684535289
2290	-3.07934427254126
2291	-3.08132728450114
2292	-3.09247978518308
2293	-3.09927794367589
2294	-3.11127438939236
2295	-3.1241406680286
2296	-3.1279047664461
2297	-3.13011041421196
2298	-3.1335120822451
2299	-3.1396682211966
2300	3.13255615565601
2301	3.12372320944188
2302	3.12112924340851
2303	3.11821426760664
2304	3.11636587264886
2305	3.11494203899794
2306	3.11422235580712
2307	3.11279852215624
2308	3.11230147477267
2309	3.10970750873969
2310	3.0948737508882
2311	3.09162223258816
2312	3.0857715706792
2313	3.08278410880196
2314	3.07641568920271
2315	3.06522694550155
2316	3.05844431975106
2317	3.05447829583922
2318	3.04165861541536
2319	3.01506658042319
2320	3.01154582812737
2321	3.00554501649413
2322	2.99660851875639
2323	2.94477579638099
2324	2.93889924659813
2325	2.93311071562298
2326	2.92749822226282
2327	2.91323399790351
2328	2.89942540031357
2329	2.89179365196517
2330	2.88609313980033
2331	2.87177196210167
2332	2.85908689870448
2333	2.85286345127513
2334	2.84889742737278
2335	2.84498835681644
2336	2.83965545261402
2337	2.83719092601184
2338	2.83351484641625
2339	2.83180624604089
2340	2.82912943878622
2341	2.81834972369173
2342	2.81233337934075
2343	2.79581173147345
2344	2.77320643076058
2345	2.7572543163576
2346	2.75159522481567
2347	2.74234289491199
2348	2.73302843408642
2349	2.73139231978918
2350	2.72909865322696
2351	2.72113036239377
2352	2.66302759455491
2353	2.64996456807006
2354	2.64103324794151
2355	2.63575729709486
2356	2.63365520087928
2357	2.63237116181165
2358	2.62040060405279
2359	2.61341605283501
2360	2.61312093095258
2361	2.59071237819717
2362	2.57665525695814
2363	2.57207827899333
2364	2.56793621748685
2365	2.56623279469234
2366	2.56410481059347
2367	2.56019056247006
2368	2.55983848724204
2369	2.55486801343472
2370	2.54492188824371
2371	2.5379476921836
2372	2.53029005597544
2373	2.50684081028031
2374	2.49708625543713
2375	2.48973409626699
2376	2.48724885936448
2377	2.47754090271444
2378	2.47553200288507
2379	2.47068579092565
2380	2.47001788350818
2381	2.46769315148924
2382	2.46669905672837
2383	2.46046007658868
2384	2.4537292266457
2385	2.44681198393535
2386	2.44572987036766
2387	2.44516033691099
2388	2.44459080345431
2389	2.43732666309347
2390	2.43612546525764
2391	2.41945884528629
2392	2.40111986798504
2393	2.38620326900136
2394	2.36785393654958
2395	2.35373468440738
2396	2.34916806160252
2397	2.33675740983063
2398	2.33394598558704
2399	2.33039934542713
2400	2.32647474215534
2401	2.32206862423421
2402	2.32038073417278
2403	2.30865352255005
2404	2.29751137711478
2405	2.29448249464293
2406	2.28257406783087
2407	2.28194240345216
2408	2.27358579437658
2409	2.26557608295186
2410	2.26000501023513
2411	2.25552122866208
2412	2.24792054581095
2413	2.24660026370808
2414	2.23785533636808
2415	2.23285379710803
2416	2.17939013831465
2417	2.17820447321077
2418	2.17388637409885
2419	2.17153575419863
2420	2.14336455843514
2421	2.09482995283637
2422	2.06295678961442
2423	2.03991657253651
2424	2.03290095587585
2425	2.00212543895327
2426	1.99120592933205
2427	1.98546917415888
2428	1.97602527394604
2429	1.97231812890636
2430	1.96754958060813
2431	1.96696969199857
2432	1.96195779758742
2433	1.96067893610027
2434	1.95942078492061
2435	1.94991993136231
2436	1.94746058234858
2437	1.94725865685061
2438	1.93566606223644
2439	1.91940847086153
2440	1.91677826181106
2441	1.91098973086928
2442	1.90244672903212
2443	1.89622845921003
2444	1.88938370258653
2445	1.88625644615642
2446	1.88538661324209
2447	1.88346573222293
2448	1.88212991739019
2449	1.87897159549885
2450	1.87089975315684
2451	1.86616227031978
2452	1.86394626741895
2453	1.82552864703464
2454	1.82083258481235
2455	1.81706330885001
2456	1.81189090955551
2457	1.80445073159128
2458	1.7973160306624
2459	1.79178120098674
2460	1.78661397926893
2461	1.7839941253719
2462	1.75065053031778
2463	1.74921116394739
2464	1.73945660912056
2465	1.72851121161294
2466	1.72778635085083
2467	1.72708220039622
2468	1.72655926513213
2469	1.72439503799955
2470	1.71622482169511
2471	1.70860860611587
2472	1.70554348060739
2473	1.70146872760875
2474	1.69761661041558
2475	1.69213355650751
2476	1.6892185807282
2477	1.68094481288558
2478	1.6772066023834
2479	1.67429162660398
2480	1.67274870869585
2481	1.66971464864831
2482	1.65781657699404
2483	1.65179505509052
2484	1.64716112378894
2485	1.64452055958353
2486	1.64079788181157
2487	1.63996429193494
2488	1.63437250891158
2489	1.63261213277457
2490	1.62597965679947
2491	1.60816361477658
2492	1.60610293918072
2493	1.59349553949212
2494	1.58800213042844
2495	1.58578612752619
2496	1.58125574776102
2497	1.55661048183701
2498	1.5453906727485
2499	1.53231211356111
2500	1.50918387765656
2501	1.46725068253224
2502	1.45611371466896
2503	1.45505231140906
2504	1.44681478659665
2505	1.44432437211841
2506	1.44180289217886
2507	1.43298547875549
2508	1.4269018259235
2509	1.42184851089012
2510	1.41604444720919
2511	1.39942442542772
2512	1.3902497591975
2513	1.38641317472974
2514	1.38510842535607
2515	1.3782377808366
2516	1.36966889110015
2517	1.36895956306757
2518	1.36239439558335
2519	1.33897621535147
2520	1.33109076576119
2521	1.32688657333337
2522	1.31398405174378
2523	1.30494918008425
2524	1.3022154194903
2525	1.30067250157931
2526	1.29711550626093
2527	1.29481148454811
2528	1.29402449286192
2529	1.29062800242675
2530	1.28003468012383
2531	1.27686600307118
2532	1.26519574477533
2533	1.2620374228761
2534	1.25775556679293
2535	1.25544118992566
2536	1.25217931648851
2537	1.2511179132272
2538	1.24268364048211
2539	1.23917842093104
2540	1.2287559586612
2541	1.22815535974249
2542	1.22297260528009
2543	1.21823512242966
2544	1.21629870867435
2545	1.21332677954181
2546	1.18631018334754
2547	1.17815032217306
2548	1.17475383173478
2549	1.16439350038206
2550	1.16245190904898
2551	1.15461823521681
2552	1.13966539316156
2553	1.13281028135994
2554	1.13155730775265
2555	1.12801584516007
2556	1.11641807292625
2557	1.11404674271043
2558	1.11350309713693
2559	1.08321944990002
2560	1.08198718659972
2561	1.08029929653289
2562	1.07025479736166
2563	1.05769399581934
2564	1.05242322254184
2565	1.05093208039649
2566	1.03903918627112
2567	1.02666477749309
2568	1.02062254525656
2569	0.973858670727481
2570	0.96102345759699
2571	0.959413231181541
2572	0.952061071985236
2573	0.951620977948818
2574	0.944626071557942
2575	0.938055726472303
2576	0.930993511580659
2577	0.913545077425118
2578	0.906156675186687
2579	0.903655905543123
2580	0.896262325726941
2581	0.89100190759403
2582	0.890458262019252
2583	0.887009995802006
2584	0.884265880043438
2585	0.882163783820775
2586	0.880569090134582
2587	0.878529124834668
2588	0.876018000036484
2589	0.873625959507007
2590	0.866998661070006
2591	0.857109489182559
2592	0.844491734264751
2593	0.837455407249825
2594	0.828969358700471
2595	0.814632648245002
2596	0.808202097725671
2597	0.801176125861356
2598	0.772311134591928
2599	0.766211948991364
2600	0.748028298878781
2601	0.739122866589684
2602	0.73738837832395
2603	0.730512556183567
2604	0.677965328072635
2605	0.664881591202247
2606	0.654557502827125
2607	0.654220960327409
2608	0.643896871950695
2609	0.641748177529067
2610	0.638641631377197
2611	0.6296896008821
2612	0.626023876422228
2613	0.620489046693599
2614	0.616124349348811
2615	0.613442364503356
2616	0.602196667428191
2617	0.589930987697166
2618	0.579353198041264
2619	0.578975234925774
2620	0.573844256193361
2621	0.562225773572755
2622	0.562148109918866
2623	0.55955414387895
2624	0.55389505229849
2625	0.551818843950914
2626	0.537135235785076
2627	0.529306739469601
2628	0.526821502543849
2629	0.525356248272995
2630	0.523554451501722
2631	0.508145982559055
2632	0.505324203131977
2633	0.503527583937054
2634	0.495424676039997
2635	0.491070333840561
2636	0.48059091812983
2637	0.476816464545829
2638	0.476164089852274
2639	0.471374831189057
2640	0.470090792109558
2641	0.455640174886362
2642	0.450560971913139
2643	0.448572782369985
2644	0.446853826827414
2645	0.445512834401096
2646	0.439304919654929
2647	0.431098460210497
2648	0.429498588936969
2649	0.427153146584438
2650	0.423865385229186
2651	0.420914166374708
2652	0.416839413324508
2653	0.412609332965867
2654	0.411522041808761
2655	0.406391063062336
2656	0.401177243084422
2657	0.398262267267369
2658	0.395445665412029
2659	0.392525512017745
2660	0.388523245042713
2661	0.380984693016536
2662	0.378887774355231
2663	0.376107415537529
2664	0.37170129755985
2665	0.369184995165862
2666	0.362159023254484
2667	0.358793598241353
2668	0.345507935802927
2669	0.3367060549963
2670	0.313546753314269
2671	0.303305506110813
2672	0.294860878106913
2673	0.273534438647869
2674	0.268869441814347
2675	0.244291484017613
2676	0.239103551909057
2677	0.234376424149016
2678	0.222535305650723
2679	0.219200946090592
2680	0.215126193025356
2681	0.212827348856262
2682	0.205858330270946
2683	0.204853880341038
2684	0.201995857859954
2685	0.194452128230669
2686	0.183744899077501
2687	0.181492653099635
2688	0.177169376337244
2689	0.163448797388264
2690	0.158592230197119
2691	0.156552264873618
2692	0.143566901847944
2693	0.121665751282529
2694	0.113707815483632
2695	0.110689288111296
2696	0.108116032358058
2697	0.102405164961549
2698	0.0966632321025458
2699	0.0850395718042646
2700	0.08425258010468
2701	0.074145949856225
2702	0.0716555353325818
2703	0.0641066281062696
2704	0.0629054302484735
2705	0.0553306351358911
2706	0.0490657669967433
2707	0.0439347882143866
2708	0.0419569538097352
2709	0.0244567436287938
2710	-0.013872858752278
2711	-0.0201843250936815
2712	-0.0490803822431112
2713	-0.0531551353312652
2714	-0.0573748605754277
2715	-0.060362322496997
2716	-0.0631944571091398
2717	-0.065793600757006
2718	-0.0714682251361474
2719	-0.0721413101446704
2720	-0.0748543604868221
2721	-0.0799956944371998
2722	-0.0867834978710994
2723	-0.094580928819352
2724	-0.0978169144390571
2725	-0.100307328972146
2726	-0.102269630652165
2727	-0.104806643378443
2728	-0.110139547681103
2729	-0.113484262418836
2730	-0.115674377487182
2731	-0.117605613705935
2732	-0.118967316455403
2733	-0.126024353899152
2734	-0.128312842931049
2735	-0.129260339521215
2736	-0.131885371058013
2737	-0.133790719392515
2738	-0.136602143701461
2739	-0.138699062385049
2740	-0.140454260986947
2741	-0.143322638643302
2742	-0.145026061475417
2743	-0.147003895888474
2744	-0.149173300650548
2745	-0.150162217857162
2746	-0.152285024426411
2747	-0.155981814403358
2748	-0.157793966352961
2749	-0.159310996413688
2750	-0.163649805939209
2751	-0.165306630579144
2752	-0.168423531933198
2753	-0.17173718121351
2754	-0.173518267701786
2755	-0.176919935791524
2756	-0.184536151561178
2757	-0.185468115421599
2758	-0.189604999446717
2759	-0.199763405527667
2760	-0.228669817952137
2761	-0.243182566307644
2762	-0.259378027197131
2763	-0.267020130867193
2764	-0.278333136641607
2765	-0.281268822808764
2766	-0.283707461582704
2767	-0.285845800889913
2768	-0.287745971654526
2769	-0.289744516382529
2770	-0.293482726988026
2771	-0.298551574887179
2772	-0.299695819407915
2773	-0.304133002911718
2774	-0.315057690420294
2775	-0.317926068088926
2776	-0.318588797947412
2777	-0.328493502786909
2778	-0.333753921040378
2779	-0.335162221990245
2780	-0.342038044275628
2781	-0.34360167253648
2782	-0.34707582671893
2783	-0.364622635254741
2784	-0.367982882744513
2785	-0.371265466579182
2786	-0.375583565819537
2787	-0.376986689193907
2788	-0.384457932845014
2789	-0.399949243316857
2790	-0.404220744367193
2791	-0.436445983821983
2792	-0.453449146810314
2793	-0.479378452624896
2794	-0.48607823731719
2795	-0.489966597676265
2796	-0.493435574295231
2797	-0.497857225090632
2798	-0.505069589913796
2799	-0.511179130827579
2800	-0.514171770360301
2801	-0.533882806181531
2802	-0.550854903753145
2803	-0.552511728409746
2804	-0.563902397925976
2805	-0.567417972745591
2806	-0.569623620570741
2807	-0.583421863423706
2808	-0.585384165128189
2809	-0.601175775155087
2810	-0.604882920329652
2811	-0.606063407899289
2812	-0.609030159554738
2813	-0.623413468631358
2814	-0.624676797434631
2815	-0.636693953799221
2816	-0.63896691013061
2817	-0.647649706869445
2818	-0.647846454797958
2819	-0.651688216981282
2820	-0.65652925153905
2821	-0.674707724627906
2822	-0.687149442330068
2823	-0.690318119498393
2824	-0.709806519605594
2825	-0.716174939409296
2826	-0.733638906893514
2827	-0.735559787990028
2828	-0.736543527635186
2829	-0.760194699744466
2830	-0.76771254167069
2831	-0.774417503996158
2832	-0.784726059975693
2833	-0.796028710759633
2834	-0.797095291640044
2835	-0.803153056835279
2836	-0.804152329213746
2837	-0.814455707625675
2838	-0.817205001061777
2839	-0.823076373485432
2840	-0.827834566834845
2841	-0.833840556264932
2842	-0.864999215240284
2843	-0.871678289700616
2844	-0.877202764468489
2845	-0.893486244460063
2846	-0.899243710201565
2847	-0.903225266996445
2848	-0.909821500231219
2849	-0.914600403902188
2850	-0.92059086061754
2851	-0.922786153312137
2852	-0.931453417395626
2853	-0.937278191646654
2854	-0.944024574625003
2855	-0.947446953097321
2856	-0.955192608461194
2857	-0.955969245028536
2858	-0.959003305218474
2859	-0.963000394752437
2860	-0.966624698734463
2861	-0.979801632501333
2862	-0.980945877044817
2863	-0.984766928959571
2864	-0.993972661081381
2865	-0.994656101261516
2866	-1.00037214640506
2867	-1.00398609523732
2868	-1.02946495227485
2869	-1.03259220886052
2870	-1.05437427584961
2871	-1.07199874841447
2872	-1.08615942188421
2873	-1.09166836395985
2874	-1.09257961753637
2875	-1.10196138731449
2876	-1.11361611346141
2877	-1.12691730914526
2878	-1.12811850704305
2879	-1.13887751235396
2880	-1.14090194501879
2881	-1.14479030545725
2882	-1.15654340558738
2883	-1.1671574387487
2884	-1.16820848691075
2885	-1.172940792429
2886	-1.18448161190736
2887	-1.18658888580993
2888	-1.19333009126835
2889	-1.21261138860993
2890	-1.22468032097522
2891	-1.22699987554452
2892	-1.22832015772133
2893	-1.24602229405096
2894	-1.26778882847119
2895	-1.27396050046026
2896	-1.29145035615494
2897	-1.2935420973341
2898	-1.30815322012959
2899	-1.31306156329582
2900	-1.33888731828215
2901	-1.34442214829346
2902	-1.35747482038265
2903	-1.36527742920695
2904	-1.37651794928897
2905	-1.39492423621382
2906	-1.4005574402035
2907	-1.41270403631033
2908	-1.4263158867709
2909	-1.43122940753607
2910	-1.43264288611252
2911	-1.4407613271685
2912	-1.44173471168303
2913	-1.45389684054057
2914	-1.46583115600655
2915	-1.47090518167271
2916	-1.47563230966667
2917	-1.48096003661818
2918	-1.49087509698277
2919	-1.505216985872
2920	-1.51314903417085
2921	-1.5187667054545
2922	-1.52166614869815
2923	-1.53586306544238
2924	-1.53665523475766
2925	-1.54060572618
2926	-1.54958364508967
2927	-1.55478711020313
2928	-1.55660443981018
2929	-1.55805416143413
2930	-1.56073614643865
2931	-1.57729921599993
2932	-1.58206776463151
2933	-1.58410773006158
2934	-1.58501380607753
2935	-1.60305248516759
2936	-1.61027002783816
2937	-1.63208833833427
2938	-1.64346865311895
2939	-1.64512547783781
2940	-1.656557568401
2941	-1.66627588089935
2942	-1.67119457928837
2943	-1.68295803480803
2944	-1.7195324405622
2945	-1.72017446014275
2946	-1.76091681565644
2947	-1.76810329291018
2948	-1.77175866246515
2949	-1.79444680608945
2950	-1.82055215074301
2951	-1.82522232545402
2952	-1.83631787357937
2953	-1.84226173230664
2954	-1.8464452147567
2955	-1.84792082428444
2956	-1.85172116601597
2957	-1.86029005643469
2958	-1.8642923236827
2959	-1.87147880096806
2960	-1.87845299758646
2961	-1.88414315503689
2962	-1.88656108363545
2963	-1.88818684290743
2964	-1.89115359470022
2965	-1.89242210113879
2966	-1.90059231812031
2967	-1.90713159825401
2968	-1.91738320131771
2969	-1.92392765903351
2970	-1.93017181726726
2971	-1.93603283478176
2972	-1.93760681828414
2973	-1.94248409611129
2974	-1.94792055228929
2975	-1.95293762470614
2976	-1.95845692212369
2977	-1.95915589506128
2978	-1.96517741748009
2979	-1.96975439582873
2980	-1.97373595278662
2981	-1.97908956773501
2982	-1.9845726221177
2983	-1.99015922804819
2984	-1.99522807624767
2985	-1.99954617573619
2986	-2.0053295296088
2987	-2.01066761183274
2988	-2.01295610101158
2989	-2.01960928787901
2990	-2.02647993299632
2991	-2.02785199098911
2992	-2.02918262836332
2993	-2.03376478430238
2994	-2.03465532760364
2995	-2.04085806524945
2996	-2.04378339644361
2997	-2.05037962996957
2998	-2.05442331786989
2999	-2.05508087019177
3000	-2.06069336402665
3001	-2.06646118518316
3002	-2.07834890276007
3003	-2.07968471771467
3004	-2.08319511515389
3005	-2.0847173228932
3006	-2.0956678989801
3007	-2.09926631523681
3008	-2.11715484498219
3009	-2.11860456664092
3010	-2.12643306359977
3011	-2.1475575792171
3012	-2.15476476690304
3013	-2.15628179707
3014	-2.16677156880759
3015	-2.17580644131027
3016	-2.18484649139412
3017	-2.18827922518985
3018	-2.1963666010426
3019	-2.22049411160747
3020	-2.22832260860351
3021	-2.23137737925751
3022	-2.23327237257869
3023	-2.24203283350831
3024	-2.24792491657059
3025	-2.31187317493914
3026	-2.31510398323696
3027	-2.31782221137253
3028	-2.32759229993132
3029	-2.35788630534361
3030	-2.35932567186405
3031	-2.36716452406709
3032	-2.36982062128055
3033	-2.38356191174326
3034	-2.38926760205867
3035	-2.39496293722084
3036	-2.40225296623075
3037	-2.40539575572659
3038	-2.40620863538211
3039	-2.40788099289005
3040	-2.40922716302037
3041	-2.41829827867016
3042	-2.44308334182763
3043	-2.44903755587668
3044	-2.45481573229467
3045	-2.45880764449839
3046	-2.46894016354565
3047	-2.46979446382325
3048	-2.47358445050975
3049	-2.47625608046952
3050	-2.48335453914344
3051	-2.51547622962952
3052	-2.52573301056455
3053	-2.52981294159925
3054	-2.53536848221003
3055	-2.54033377899211
3056	-2.5461689087887
3057	-2.5572644572887
3058	-2.56519650596356
3059	-2.56919359576699
3060	-2.57645773695331
3061	-2.58106578090041
3062	-2.58930848423322
3063	-2.59213544153284
3064	-2.59464656660702
3065	-2.59620501742642
3066	-2.60066808920891
3067	-2.60268216684658
3068	-2.60910236291667
3069	-2.61921417173136
